DATE TIME FRAC_DAYS_SINCE_JAN1 FRAC_HRS_SINCE_JAN1 JULIAN_DAYS ALARM_STATUS INST_STATUS CavityPressure CavityTemp species MPVPosition OutletValve solenoid_valves H2O2 H2O CH4 Spectrum_Score 
2017-02-22 19:29:55.667 52.47911653 1259.498797 53.47911653 0 963 1.0003621509E+02 4.5000511169E+01 6.6000000000E+01 0.0000000000E+00 5.1267910778E+04 0.0000000000E+00 4.1410375709E+00 3.0370261273E-03 2.0468453175E+00 3.1891015861E+00 
2017-02-22 19:29:58.720 52.47915186 1259.499645 53.47915186 0 963 1.0003594809E+02 4.5000444763E+01 6.5000000000E+01 0.0000000000E+00 5.1280118980E+04 0.0000000000E+00 4.0881353493E+00 3.0370261273E-03 2.0468453175E+00 2.6034263372E+00 
2017-02-22 19:30:01.773 52.47918719 1259.500493 53.47918719 0 963 1.0003532945E+02 4.5000267029E+01 6.6000000000E+01 0.0000000000E+00 5.1293585013E+04 0.0000000000E+00 4.0881353493E+00 2.8995689941E-03 2.0123611042E+00 2.6034263372E+00 
2017-02-22 19:30:04.822 52.47922248 1259.501339 53.47922248 0 963 1.0003691399E+02 4.5000330505E+01 6.5000000000E+01 0.0000000000E+00 5.1307438320E+04 0.0000000000E+00 4.1578570716E+00 2.8995689941E-03 2.0123611042E+00 2.8195261760E+00 
2017-02-22 19:30:07.874 52.47925780 1259.502187 53.47925780 0 963 1.0003611952E+02 4.5000389099E+01 6.6000000000E+01 0.0000000000E+00 5.1321258211E+04 0.0000000000E+00 4.1578570716E+00 2.8205076937E-03 1.9255040946E+00 2.8195261760E+00 
2017-02-22 19:30:10.921 52.47929308 1259.503034 53.47929308 0 963 1.0003613693E+02 4.5000285645E+01 6.5000000000E+01 0.0000000000E+00 5.1335198004E+04 0.0000000000E+00 2.8526346685E+00 2.8205076937E-03 1.9255040946E+00 3.2692711384E+00 
2017-02-22 19:30:13.974 52.47932841 1259.503882 53.47932841 0 963 1.0003464197E+02 4.5000236511E+01 6.6000000000E+01 0.0000000000E+00 5.1348809917E+04 0.0000000000E+00 2.8526346685E+00 2.6746094484E-03 2.0809541302E+00 3.2692711384E+00 
2017-02-22 19:30:17.023 52.47936369 1259.504729 53.47936369 0 963 1.0003664366E+02 4.5000484528E+01 6.5000000000E+01 0.0000000000E+00 5.1363218184E+04 0.0000000000E+00 2.7477025593E+00 2.6746094484E-03 2.0809541302E+00 2.7383162690E+00 
2017-02-22 19:30:20.079 52.47939907 1259.505578 53.47939907 0 963 1.0003655140E+02 4.5000442038E+01 6.6000000000E+01 0.0000000000E+00 5.1376550590E+04 0.0000000000E+00 2.7477025593E+00 2.5867981163E-03 1.9795548933E+00 2.7383162690E+00 
2017-02-22 19:30:23.128 52.47943436 1259.506425 53.47943436 0 963 1.0003483483E+02 4.5000444031E+01 6.5000000000E+01 0.0000000000E+00 5.1390546180E+04 0.0000000000E+00 3.8279583100E+00 2.5867981163E-03 1.9795548933E+00 2.8818300302E+00 
2017-02-22 19:30:26.180 52.47946969 1259.507272 53.47946969 0 963 1.0003386592E+02 4.5000663757E+01 6.6000000000E+01 0.0000000000E+00 5.1403529719E+04 0.0000000000E+00 3.8279583100E+00 2.4947657728E-03 1.9688602177E+00 2.8818300302E+00 
2017-02-22 19:30:29.229 52.47950497 1259.508119 53.47950497 0 963 1.0003385634E+02 4.5000719604E+01 6.5000000000E+01 0.0000000000E+00 5.1416541055E+04 0.0000000000E+00 3.6006379499E+00 2.4947657728E-03 1.9688602177E+00 3.3879566787E+00 
2017-02-22 19:30:32.280 52.47954029 1259.508967 53.47954029 0 963 1.0003681877E+02 4.5000816345E+01 6.6000000000E+01 0.0000000000E+00 5.1430205548E+04 0.0000000000E+00 3.6006379499E+00 2.3726276399E-03 1.9424447924E+00 3.3879566787E+00 
2017-02-22 19:30:35.328 52.47957557 1259.509814 53.47957557 0 963 1.0003525191E+02 4.5000761230E+01 6.5000000000E+01 0.0000000000E+00 5.1444405984E+04 0.0000000000E+00 4.3759647209E+00 2.3726276399E-03 1.9424447924E+00 2.6262477044E+00 
2017-02-22 19:30:38.381 52.47961090 1259.510662 53.47961090 0 963 1.0003711922E+02 4.5000724792E+01 6.6000000000E+01 0.0000000000E+00 5.1457967746E+04 0.0000000000E+00 4.3759647209E+00 2.3308324799E-03 2.1162112736E+00 2.6262477044E+00 
2017-02-22 19:30:41.430 52.47964618 1259.511508 53.47964618 0 963 1.0003483202E+02 4.5000724792E+01 6.5000000000E+01 0.0000000000E+00 5.1471315773E+04 0.0000000000E+00 3.7514784251E+00 2.3308324799E-03 2.1162112736E+00 2.6628229390E+00 
2017-02-22 19:30:44.482 52.47968150 1259.512356 53.47968150 0 963 1.0003526864E+02 4.5000725540E+01 6.6000000000E+01 0.0000000000E+00 5.1484287165E+04 0.0000000000E+00 3.7514784251E+00 2.2428180103E-03 1.9708888276E+00 2.6628229390E+00 
2017-02-22 19:30:47.532 52.47971682 1259.513204 53.47971682 0 963 1.0003580939E+02 4.5000756500E+01 6.5000000000E+01 0.0000000000E+00 5.1498245848E+04 0.0000000000E+00 3.0066593367E+00 2.2428180103E-03 1.9708888276E+00 2.7860947412E+00 
2017-02-22 19:30:50.588 52.47975218 1259.514052 53.47975218 0 963 1.0003356800E+02 4.5000785828E+01 6.6000000000E+01 0.0000000000E+00 5.1510833562E+04 0.0000000000E+00 3.0066593367E+00 2.0916223010E-03 1.9190449237E+00 2.7860947412E+00 
2017-02-22 19:30:53.635 52.47978745 1259.514899 53.47978745 0 963 1.0003299160E+02 4.5000729980E+01 6.5000000000E+01 0.0000000000E+00 5.1523856047E+04 0.0000000000E+00 3.6283484862E+00 2.0916223010E-03 1.9190449237E+00 2.6398536400E+00 
2017-02-22 19:30:56.687 52.47982278 1259.515747 53.47982278 0 963 1.0003273923E+02 4.5000602722E+01 6.6000000000E+01 0.0000000000E+00 5.1536352535E+04 0.0000000000E+00 3.6283484862E+00 1.8678711585E-03 1.9079191243E+00 2.6398536400E+00 
2017-02-22 19:30:59.736 52.47985806 1259.516593 53.47985806 0 963 1.0003315440E+02 4.5000744019E+01 6.5000000000E+01 0.0000000000E+00 5.1549104895E+04 0.0000000000E+00 3.2844888085E+00 1.8678711585E-03 1.9079191243E+00 3.2092879078E+00 
2017-02-22 19:31:02.789 52.47989339 1259.517441 53.47989339 0 963 1.0003351531E+02 4.5000907898E+01 6.6000000000E+01 0.0000000000E+00 5.1561864764E+04 0.0000000000E+00 3.2844888085E+00 2.0221402579E-03 2.0964881301E+00 3.2092879078E+00 
2017-02-22 19:31:05.836 52.47992867 1259.518288 53.47992867 0 963 1.0003279729E+02 4.5000865051E+01 6.5000000000E+01 0.0000000000E+00 5.1574417605E+04 0.0000000000E+00 3.7957200252E+00 2.0221402579E-03 2.0964881301E+00 2.8975960612E+00 
2017-02-22 19:31:08.890 52.47996400 1259.519136 53.47996400 0 963 1.0003373790E+02 4.5000846863E+01 6.6000000000E+01 0.0000000000E+00 5.1587465003E+04 0.0000000000E+00 3.7957200252E+00 1.9416754663E-03 2.0522442854E+00 2.8975960612E+00 
2017-02-22 19:31:11.937 52.47999928 1259.519983 53.47999928 0 963 1.0003145839E+02 4.5000411987E+01 6.5000000000E+01 0.0000000000E+00 5.1600044113E+04 0.0000000000E+00 3.1178856026E+00 1.9416754663E-03 2.0522442854E+00 2.6770304845E+00 
2017-02-22 19:31:14.990 52.48003461 1259.520831 53.48003461 0 963 1.0003251900E+02 4.5000579180E+01 6.6000000000E+01 0.0000000000E+00 5.1611385252E+04 0.0000000000E+00 3.1178856026E+00 1.7888824039E-03 1.8790710002E+00 2.6770304845E+00 
2017-02-22 19:31:18.038 52.48006988 1259.521677 53.48006988 0 963 1.0003040616E+02 4.5000755676E+01 6.5000000000E+01 0.0000000000E+00 5.1623769395E+04 0.0000000000E+00 3.5748994523E+00 1.7888824039E-03 1.8790710002E+00 2.7149998226E+00 
2017-02-22 19:31:21.091 52.48010522 1259.522525 53.48010522 0 963 1.0002847904E+02 4.5000389099E+01 6.6000000000E+01 0.0000000000E+00 5.1635276913E+04 0.0000000000E+00 3.5748994523E+00 1.8697764203E-03 1.9412646467E+00 2.7149998226E+00 
2017-02-22 19:31:24.138 52.48014050 1259.523372 53.48014050 0 963 1.0003072478E+02 4.5000412842E+01 6.5000000000E+01 0.0000000000E+00 5.1647242391E+04 0.0000000000E+00 3.3861700355E+00 1.8697764203E-03 1.9412646467E+00 2.5942978974E+00 
2017-02-22 19:31:27.191 52.48017583 1259.524220 53.48017583 0 963 1.0003254012E+02 4.5000450134E+01 6.6000000000E+01 0.0000000000E+00 5.1659980660E+04 0.0000000000E+00 3.3861700355E+00 1.7963386635E-03 1.9501252292E+00 2.5942978974E+00 
2017-02-22 19:31:30.240 52.48021112 1259.525067 53.48021112 0 963 1.0003134406E+02 4.5000752808E+01 6.5000000000E+01 0.0000000000E+00 5.1671023230E+04 0.0000000000E+00 3.3666298217E+00 1.7963386635E-03 1.9501252292E+00 2.8582674308E+00 
2017-02-22 19:31:33.296 52.48024649 1259.525916 53.48024649 0 963 1.0003147312E+02 4.5000999451E+01 6.6000000000E+01 0.0000000000E+00 5.1682632047E+04 0.0000000000E+00 3.3666298217E+00 1.7067100643E-03 1.9313304578E+00 2.8582674308E+00 
2017-02-22 19:31:36.345 52.48028177 1259.526763 53.48028177 0 963 1.0003132053E+02 4.5000638031E+01 6.5000000000E+01 0.0000000000E+00 5.1694999102E+04 0.0000000000E+00 3.2459254036E+00 1.7067100643E-03 1.9313304578E+00 2.7831924295E+00 
2017-02-22 19:31:39.398 52.48031711 1259.527611 53.48031711 0 963 1.0003227066E+02 4.5000647564E+01 6.6000000000E+01 0.0000000000E+00 5.1707656776E+04 0.0000000000E+00 3.2459254036E+00 1.6529780222E-03 2.0526117995E+00 2.7831924295E+00 
2017-02-22 19:31:42.446 52.48035238 1259.528457 53.48035238 0 963 1.0002926992E+02 4.5000755310E+01 6.5000000000E+01 0.0000000000E+00 5.1717911238E+04 0.0000000000E+00 4.1444269920E+00 1.6529780222E-03 2.0526117995E+00 2.6234247868E+00 
2017-02-22 19:31:45.497 52.48038771 1259.529305 53.48038771 0 963 1.0003097674E+02 4.5000808622E+01 6.6000000000E+01 0.0000000000E+00 5.1729812404E+04 0.0000000000E+00 4.1444269920E+00 1.5748619376E-03 1.8848790143E+00 2.6234247868E+00 
2017-02-22 19:31:48.546 52.48042300 1259.530152 53.48042300 0 963 1.0003089938E+02 4.5000763794E+01 6.5000000000E+01 0.0000000000E+00 5.1741217633E+04 0.0000000000E+00 4.5363566244E+00 1.5748619376E-03 1.8848790143E+00 2.5495879246E+00 
2017-02-22 19:31:51.604 52.48045838 1259.531001 53.48045838 0 963 1.0002777277E+02 4.5000602722E+01 6.6000000000E+01 0.0000000000E+00 5.1752061129E+04 0.0000000000E+00 4.5363566244E+00 1.5095153821E-03 1.9987886077E+00 2.5495879246E+00 
2017-02-22 19:31:54.653 52.48049367 1259.531848 53.48049367 0 963 1.0002912552E+02 4.5000743896E+01 6.5000000000E+01 0.0000000000E+00 5.1763365465E+04 0.0000000000E+00 3.4727569180E+00 1.5095153821E-03 1.9987886077E+00 2.6776425674E+00 
2017-02-22 19:31:57.709 52.48052904 1259.532697 53.48052904 0 963 1.0003065052E+02 4.5000877380E+01 6.6000000000E+01 0.0000000000E+00 5.1774613568E+04 0.0000000000E+00 3.4727569180E+00 1.5116880164E-03 1.9178923302E+00 2.6776425674E+00 
2017-02-22 19:32:00.757 52.48056433 1259.533544 53.48056433 0 963 1.0002820802E+02 4.5001123108E+01 6.5000000000E+01 0.0000000000E+00 5.1785549129E+04 0.0000000000E+00 3.8290659678E+00 1.5116880164E-03 1.9178923302E+00 2.9555288429E+00 
2017-02-22 19:32:03.809 52.48059965 1259.534392 53.48059965 0 963 1.0002827977E+02 4.5001243591E+01 6.6000000000E+01 0.0000000000E+00 5.1796031521E+04 0.0000000000E+00 3.8290659678E+00 1.4627816745E-03 1.9972802946E+00 2.9555288429E+00 
2017-02-22 19:32:06.858 52.48063493 1259.535238 53.48063493 0 963 1.0002771618E+02 4.5000816956E+01 6.5000000000E+01 0.0000000000E+00 5.1807298230E+04 0.0000000000E+00 4.0353463655E+00 1.4627816745E-03 1.9972802946E+00 2.7158943060E+00 
2017-02-22 19:32:09.911 52.48067027 1259.536086 53.48067027 0 963 1.0002895380E+02 4.5000602722E+01 6.6000000000E+01 0.0000000000E+00 5.1818433211E+04 0.0000000000E+00 4.0353463655E+00 1.4404335373E-03 2.0772007191E+00 2.7158943060E+00 
2017-02-22 19:32:12.959 52.48070554 1259.536933 53.48070554 0 963 1.0002748066E+02 4.5000581299E+01 6.5000000000E+01 0.0000000000E+00 5.1828569656E+04 0.0000000000E+00 3.6200602197E+00 1.4404335373E-03 2.0772007191E+00 2.7876583987E+00 
2017-02-22 19:32:16.012 52.48074088 1259.537781 53.48074088 0 963 1.0002677643E+02 4.5000328064E+01 6.6000000000E+01 0.0000000000E+00 5.1839390976E+04 0.0000000000E+00 3.6200602197E+00 1.3048305803E-03 1.9565682744E+00 2.7876583987E+00 
2017-02-22 19:32:19.059 52.48077616 1259.538628 53.48077616 0 963 1.0002775051E+02 4.5000163727E+01 6.5000000000E+01 0.0000000000E+00 5.1848992066E+04 0.0000000000E+00 3.3871980206E+00 1.3048305803E-03 1.9565682744E+00 2.6803172328E+00 
2017-02-22 19:32:22.111 52.48081148 1259.539476 53.48081148 0 963 1.0002795130E+02 4.4999870300E+01 6.6000000000E+01 0.0000000000E+00 5.1858441805E+04 0.0000000000E+00 3.3871980206E+00 1.2864493905E-03 1.9929832336E+00 2.6803172328E+00 
2017-02-22 19:32:25.161 52.48084677 1259.540323 53.48084677 0 963 1.0002620686E+02 4.5000050842E+01 6.5000000000E+01 0.0000000000E+00 5.1868454301E+04 0.0000000000E+00 4.0710151256E+00 1.2864493905E-03 1.9929832336E+00 2.7175168539E+00 
2017-02-22 19:32:28.213 52.48088209 1259.541170 53.48088209 0 963 1.0002740675E+02 4.5000236511E+01 6.6000000000E+01 0.0000000000E+00 5.1879558849E+04 0.0000000000E+00 4.0710151256E+00 1.3302321880E-03 1.9321734289E+00 2.7175168539E+00 
2017-02-22 19:32:31.260 52.48091737 1259.542017 53.48091737 0 963 1.0002623268E+02 4.5000376221E+01 6.5000000000E+01 0.0000000000E+00 5.1889177941E+04 0.0000000000E+00 3.4257586022E+00 1.3302321880E-03 1.9321734289E+00 2.4821651765E+00 
2017-02-22 19:32:34.313 52.48095271 1259.542865 53.48095271 0 963 1.0002523807E+02 4.5000408655E+01 6.6000000000E+01 0.0000000000E+00 5.1898058769E+04 0.0000000000E+00 3.4257586022E+00 1.2374461100E-03 2.0048164709E+00 2.4821651765E+00 
2017-02-22 19:32:37.361 52.48098799 1259.543712 53.48098799 0 963 1.0002601357E+02 4.5000164490E+01 6.5000000000E+01 0.0000000000E+00 5.1909691117E+04 0.0000000000E+00 3.9594194727E+00 1.2374461100E-03 2.0048164709E+00 2.8300443681E+00 
2017-02-22 19:32:40.414 52.48102332 1259.544560 53.48102332 0 963 1.0002426387E+02 4.4999931335E+01 6.6000000000E+01 0.0000000000E+00 5.1919209598E+04 0.0000000000E+00 3.9594194727E+00 1.1759509358E-03 1.9482185775E+00 2.8300443681E+00 
2017-02-22 19:32:43.463 52.48105860 1259.545406 53.48105860 0 963 1.0002712834E+02 4.4999943665E+01 6.5000000000E+01 0.0000000000E+00 5.1929650035E+04 0.0000000000E+00 4.1038615649E+00 1.1759509358E-03 1.9482185775E+00 2.7715009237E+00 
2017-02-22 19:32:46.515 52.48109392 1259.546254 53.48109392 0 963 1.0002348810E+02 4.4999992371E+01 6.6000000000E+01 0.0000000000E+00 5.1938008960E+04 0.0000000000E+00 4.1038615649E+00 1.1696619336E-03 1.9055128982E+00 2.7715009237E+00 
2017-02-22 19:32:49.563 52.48112921 1259.547101 53.48112921 0 963 1.0002592424E+02 4.5000274597E+01 6.5000000000E+01 0.0000000000E+00 5.1948717172E+04 0.0000000000E+00 2.9054945902E+00 1.1696619336E-03 1.9055128982E+00 2.4515815073E+00 
2017-02-22 19:32:52.615 52.48116454 1259.547949 53.48116454 0 963 1.0002565818E+02 4.5000480652E+01 6.6000000000E+01 0.0000000000E+00 5.1957945982E+04 0.0000000000E+00 2.9054945902E+00 1.2127571675E-03 2.0186107241E+00 2.4515815073E+00 
2017-02-22 19:32:55.664 52.48119981 1259.548796 53.48119981 0 963 1.0002527625E+02 4.5000270782E+01 6.5000000000E+01 0.0000000000E+00 5.1967741691E+04 0.0000000000E+00 1.7669061000E+00 1.2127571675E-03 2.0186107241E+00 2.7415991592E+00 
2017-02-22 19:32:58.720 52.48123520 1259.549645 53.48123520 0 963 1.0002558055E+02 4.5000083923E+01 6.6000000000E+01 0.0000000000E+00 5.1977593144E+04 0.0000000000E+00 1.7669061000E+00 1.1179390223E-03 1.9878583599E+00 2.7415991592E+00 
2017-02-22 19:33:01.769 52.48127049 1259.550492 53.48127049 0 963 1.0002300991E+02 4.5000111664E+01 6.5000000000E+01 0.0000000000E+00 5.1987092797E+04 0.0000000000E+00 3.1839971567E+00 1.1179390223E-03 1.9878583599E+00 2.6267140967E+00 
2017-02-22 19:33:04.822 52.48130581 1259.551339 53.48130581 0 963 1.0002215069E+02 4.5000070844E+01 6.6000000000E+01 0.0000000000E+00 5.1995730437E+04 0.0000000000E+00 3.1839971567E+00 1.0268559200E-03 1.9785891233E+00 2.6267140967E+00 
2017-02-22 19:33:07.874 52.48134113 1259.552187 53.48134113 0 963 1.0002398124E+02 4.5000001221E+01 6.5000000000E+01 0.0000000000E+00 5.2005338469E+04 0.0000000000E+00 3.2774069210E+00 1.0268559200E-03 1.9785891233E+00 2.3743186840E+00 
2017-02-22 19:33:10.927 52.48137648 1259.553036 53.48137648 0 963 1.0002471622E+02 4.5000419617E+01 6.6000000000E+01 0.0000000000E+00 5.2014007223E+04 0.0000000000E+00 3.2774069210E+00 1.1265133086E-03 2.0187910181E+00 2.3743186840E+00 
2017-02-22 19:33:13.976 52.48141176 1259.553882 53.48141176 0 963 1.0002262347E+02 4.5000308838E+01 6.5000000000E+01 0.0000000000E+00 5.2022379637E+04 0.0000000000E+00 4.1334526045E+00 1.1265133086E-03 2.0187910181E+00 2.4032131219E+00 
2017-02-22 19:33:17.029 52.48144709 1259.554730 53.48144709 0 963 1.0002558469E+02 4.5000083923E+01 6.6000000000E+01 0.0000000000E+00 5.2031820328E+04 0.0000000000E+00 4.1334526045E+00 1.0260069597E-03 1.9239184601E+00 2.4032131219E+00 
2017-02-22 19:33:20.082 52.48148243 1259.555578 53.48148243 0 963 1.0002488371E+02 4.5000373962E+01 6.5000000000E+01 0.0000000000E+00 5.2041485785E+04 0.0000000000E+00 2.3951182166E+00 1.0260069597E-03 1.9239184601E+00 2.3811026990E+00 
2017-02-22 19:33:26.181 52.48155303 1259.557273 53.48155303 0 963 1.0002331286E+02 4.5000619324E+01 6.5000000000E+01 0.0000000000E+00 5.2059388965E+04 0.0000000000E+00 4.3237955628E+00 1.0260069597E-03 1.9239184601E+00 2.8111599512E+00 
2017-02-22 19:33:29.234 52.48158837 1259.558121 53.48158837 0 963 1.0002121601E+02 4.5000629005E+01 6.6000000000E+01 0.0000000000E+00 5.2068008530E+04 0.0000000000E+00 4.3237955628E+00 1.0601796226E-03 1.9129536719E+00 2.8111599512E+00 
2017-02-22 19:33:32.282 52.48162365 1259.558967 53.48162365 0 963 1.0002410614E+02 4.5000602722E+01 6.5000000000E+01 0.0000000000E+00 5.2077155672E+04 0.0000000000E+00 2.8791989720E+00 1.0601796226E-03 1.9129536719E+00 2.7607956850E+00 
2017-02-22 19:33:35.335 52.48165897 1259.559815 53.48165897 0 963 1.0002284854E+02 4.5000436183E+01 6.6000000000E+01 0.0000000000E+00 5.2085543399E+04 0.0000000000E+00 2.8791989720E+00 1.0771904553E-03 2.0973553461E+00 2.7607956850E+00 
2017-02-22 19:33:38.385 52.48169428 1259.560663 53.48169428 0 963 1.0002158437E+02 4.5000389099E+01 6.5000000000E+01 0.0000000000E+00 5.2093838766E+04 0.0000000000E+00 3.6114983816E+00 1.0771904553E-03 2.0973553461E+00 2.4559156241E+00 
2017-02-22 19:33:41.440 52.48172964 1259.561511 53.48172964 0 963 1.0002446342E+02 4.5000389099E+01 6.6000000000E+01 0.0000000000E+00 5.2102875877E+04 0.0000000000E+00 3.6114983816E+00 1.0027685530E-03 2.1281410666E+00 2.4559156241E+00 
2017-02-22 19:33:44.489 52.48176492 1259.562358 53.48176492 0 963 1.0002274123E+02 4.5000564514E+01 6.5000000000E+01 0.0000000000E+00 5.2111128734E+04 0.0000000000E+00 4.0873679485E+00 1.0027685530E-03 2.1281410666E+00 3.0151220023E+00 
2017-02-22 19:33:47.540 52.48180024 1259.563206 53.48180024 0 963 1.0002305706E+02 4.5000755310E+01 6.6000000000E+01 0.0000000000E+00 5.2119815737E+04 0.0000000000E+00 4.0873679485E+00 1.0080556005E-03 1.9682699108E+00 3.0151220023E+00 
2017-02-22 19:33:50.588 52.48183552 1259.564052 53.48183552 0 963 1.0002134459E+02 4.5000716431E+01 6.5000000000E+01 0.0000000000E+00 5.2128273785E+04 0.0000000000E+00 3.6421596532E+00 1.0080556005E-03 1.9682699108E+00 2.4585896966E+00 
2017-02-22 19:33:53.641 52.48187086 1259.564901 53.48187086 0 963 1.0002117341E+02 4.5000694275E+01 6.6000000000E+01 0.0000000000E+00 5.2136766024E+04 0.0000000000E+00 3.6421596532E+00 8.0981880270E-04 2.0438327743E+00 2.4585896966E+00 
2017-02-22 19:33:56.690 52.48190613 1259.565747 53.48190613 0 963 1.0002370617E+02 4.5000246033E+01 6.5000000000E+01 0.0000000000E+00 5.2145367035E+04 0.0000000000E+00 3.4985053119E+00 8.0981880270E-04 2.0438327743E+00 3.1157945653E+00 
2017-02-22 19:33:59.742 52.48194146 1259.566595 53.48194146 0 963 1.0002146768E+02 4.5000205994E+01 6.6000000000E+01 0.0000000000E+00 5.2153879305E+04 0.0000000000E+00 3.4985053119E+00 8.7417748189E-04 1.9572993572E+00 3.1157945653E+00 
2017-02-22 19:34:02.790 52.48197675 1259.567442 53.48197675 0 963 1.0002168043E+02 4.5000217102E+01 6.5000000000E+01 0.0000000000E+00 5.2162421234E+04 0.0000000000E+00 3.6206000166E+00 8.7417748189E-04 1.9572993572E+00 2.4891015167E+00 
2017-02-22 19:34:05.842 52.48201207 1259.568290 53.48201207 0 963 1.0002139678E+02 4.5000328064E+01 6.6000000000E+01 0.0000000000E+00 5.2170168017E+04 0.0000000000E+00 3.6206000166E+00 8.6628168213E-04 1.9063848936E+00 2.4891015167E+00 
2017-02-22 19:34:08.891 52.48204736 1259.569137 53.48204736 0 963 1.0002148116E+02 4.5000209229E+01 6.5000000000E+01 0.0000000000E+00 5.2178506590E+04 0.0000000000E+00 3.3505089009E+00 8.6628168213E-04 1.9063848936E+00 2.6698183361E+00 
2017-02-22 19:34:11.947 52.48208273 1259.569986 53.48208273 0 963 1.0001873035E+02 4.4999992371E+01 6.6000000000E+01 0.0000000000E+00 5.2185963919E+04 0.0000000000E+00 3.3505089009E+00 8.8852861374E-04 2.0270716061E+00 2.6698183361E+00 
2017-02-22 19:34:14.996 52.48211802 1259.570832 53.48211802 0 963 1.0001868974E+02 4.5000055115E+01 6.5000000000E+01 0.0000000000E+00 5.2193822770E+04 0.0000000000E+00 3.3985365380E+00 8.8852861374E-04 2.0270716061E+00 2.4899879189E+00 
2017-02-22 19:34:18.049 52.48215336 1259.571681 53.48215336 0 963 1.0001734249E+02 4.5000114441E+01 6.6000000000E+01 0.0000000000E+00 5.2201178013E+04 0.0000000000E+00 3.3985365380E+00 7.9805441099E-04 2.0640360838E+00 2.4899879189E+00 
2017-02-22 19:34:21.098 52.48218863 1259.572527 53.48218863 0 963 1.0001968565E+02 4.5000090607E+01 6.5000000000E+01 0.0000000000E+00 5.2208958359E+04 0.0000000000E+00 3.5140397905E+00 7.9805441099E-04 2.0640360838E+00 2.4289282949E+00 
2017-02-22 19:34:24.150 52.48222396 1259.573375 53.48222396 0 963 1.0001971968E+02 4.5000083923E+01 6.6000000000E+01 0.0000000000E+00 5.2216371094E+04 0.0000000000E+00 3.5140397905E+00 8.6014674383E-04 1.9142841937E+00 2.4289282949E+00 
2017-02-22 19:34:27.198 52.48225925 1259.574222 53.48225925 0 963 1.0002132845E+02 4.5000551697E+01 6.5000000000E+01 0.0000000000E+00 5.2224689578E+04 0.0000000000E+00 3.9773377660E+00 8.6014674383E-04 1.9142841937E+00 2.4557545774E+00 
2017-02-22 19:34:30.250 52.48229457 1259.575070 53.48229457 0 963 1.0002112324E+02 4.5000419617E+01 6.6000000000E+01 0.0000000000E+00 5.2232737835E+04 0.0000000000E+00 3.9773377660E+00 7.7079314109E-04 1.9504018058E+00 2.4557545774E+00 
2017-02-22 19:34:33.299 52.48232985 1259.575916 53.48232985 0 963 1.0001884383E+02 4.5000419617E+01 6.5000000000E+01 0.0000000000E+00 5.2239913082E+04 0.0000000000E+00 3.0736816286E+00 7.7079314109E-04 1.9504018058E+00 2.4434572624E+00 
2017-02-22 19:34:36.351 52.48236519 1259.576764 53.48236519 0 963 1.0001862385E+02 4.5000419617E+01 6.6000000000E+01 0.0000000000E+00 5.2246708227E+04 0.0000000000E+00 3.0736816286E+00 6.6474826923E-04 1.9842163309E+00 2.4434572624E+00 
2017-02-22 19:34:39.400 52.48240046 1259.577611 53.48240046 0 963 1.0001937927E+02 4.5000512146E+01 6.5000000000E+01 0.0000000000E+00 5.2254287680E+04 0.0000000000E+00 3.1337120733E+00 6.6474826923E-04 1.9842163309E+00 2.3302443137E+00 
2017-02-22 19:34:42.453 52.48243580 1259.578459 53.48243580 0 963 1.0002073844E+02 4.5000663757E+01 6.6000000000E+01 0.0000000000E+00 5.2262141741E+04 0.0000000000E+00 3.1337120733E+00 7.4306063454E-04 2.1228321723E+00 2.3302443137E+00 
2017-02-22 19:34:45.500 52.48247108 1259.579306 53.48247108 0 963 1.0001971971E+02 4.5000545471E+01 6.5000000000E+01 0.0000000000E+00 5.2269305246E+04 0.0000000000E+00 3.9806374018E+00 7.4306063454E-04 2.1228321723E+00 2.5931595508E+00 
2017-02-22 19:34:48.552 52.48250640 1259.580154 53.48250640 0 963 1.0001887665E+02 4.5000480652E+01 6.6000000000E+01 0.0000000000E+00 5.2276317586E+04 0.0000000000E+00 3.9806374018E+00 6.9626393664E-04 2.0080058035E+00 2.5931595508E+00 
2017-02-22 19:34:51.605 52.48254174 1259.581002 53.48254174 0 963 1.0002121742E+02 4.5000870300E+01 6.5000000000E+01 0.0000000000E+00 5.2284608477E+04 0.0000000000E+00 4.4057307656E+00 6.9626393664E-04 2.0080058035E+00 2.3306844869E+00 
2017-02-22 19:34:54.658 52.48257707 1259.581850 53.48257707 0 963 1.0001733492E+02 4.5000856828E+01 6.6000000000E+01 0.0000000000E+00 5.2291437899E+04 0.0000000000E+00 4.4057307656E+00 6.6188469748E-04 2.0473830480E+00 2.3306844869E+00 
2017-02-22 19:34:57.707 52.48261235 1259.582696 53.48261235 0 963 1.0001812319E+02 4.5000695587E+01 6.5000000000E+01 0.0000000000E+00 5.2298773734E+04 0.0000000000E+00 4.0768801609E+00 6.6188469748E-04 2.0473830480E+00 2.6038660529E+00 
2017-02-22 19:35:00.759 52.48264767 1259.583544 53.48264767 0 963 1.0001678616E+02 4.5000175476E+01 6.6000000000E+01 0.0000000000E+00 5.2304941199E+04 0.0000000000E+00 4.0768801609E+00 7.4968300763E-04 2.0153609331E+00 2.6038660529E+00 
2017-02-22 19:35:03.806 52.48268295 1259.584391 53.48268295 0 963 1.0001555180E+02 4.5000151855E+01 6.5000000000E+01 0.0000000000E+00 5.2311064477E+04 0.0000000000E+00 3.3547439906E+00 7.4968300763E-04 2.0153609331E+00 2.7139984302E+00 
2017-02-22 19:35:06.859 52.48271829 1259.585239 53.48271829 0 963 1.0001812975E+02 4.5000083923E+01 6.6000000000E+01 0.0000000000E+00 5.2318057063E+04 0.0000000000E+00 3.3547439906E+00 6.9029064081E-04 1.9416045317E+00 2.7139984302E+00 
2017-02-22 19:35:09.907 52.48275356 1259.586086 53.48275356 0 963 1.0001682806E+02 4.5000019958E+01 6.5000000000E+01 0.0000000000E+00 5.2324343789E+04 0.0000000000E+00 2.6298707350E+00 6.9029064081E-04 1.9416045317E+00 2.8685489996E+00 
2017-02-22 19:35:12.960 52.48278890 1259.586934 53.48278890 0 963 1.0001555425E+02 4.4999961853E+01 6.6000000000E+01 0.0000000000E+00 5.2330830915E+04 0.0000000000E+00 2.6298707350E+00 7.2621938184E-04 1.9368887213E+00 2.8685489996E+00 
2017-02-22 19:35:16.009 52.48282418 1259.587780 53.48282418 0 963 1.0001846033E+02 4.4999778748E+01 6.5000000000E+01 0.0000000000E+00 5.2338019184E+04 0.0000000000E+00 3.9763366195E+00 7.2621938184E-04 1.9368887213E+00 2.8282941653E+00 
2017-02-22 19:35:19.061 52.48285950 1259.588628 53.48285950 0 963 1.0001566203E+02 4.4999711360E+01 6.6000000000E+01 0.0000000000E+00 5.2344320105E+04 0.0000000000E+00 3.9763366195E+00 7.2657704139E-04 2.0634127068E+00 2.8282941653E+00 
2017-02-22 19:35:22.114 52.48289484 1259.589476 53.48289484 0 963 1.0001734309E+02 4.4999626160E+01 6.5000000000E+01 0.0000000000E+00 5.2351544234E+04 0.0000000000E+00 2.9401256403E+00 7.2657704139E-04 2.0634127068E+00 2.3146759136E+00 
2017-02-22 19:35:25.167 52.48293019 1259.590324 53.48293019 0 963 1.0001635988E+02 4.4999748230E+01 6.6000000000E+01 0.0000000000E+00 5.2358232079E+04 0.0000000000E+00 2.9401256403E+00 6.6927208121E-04 1.9476395733E+00 2.3146759136E+00 
2017-02-22 19:35:28.220 52.48296551 1259.591172 53.48296551 0 963 1.0001662328E+02 4.4999772125E+01 6.5000000000E+01 0.0000000000E+00 5.2364310297E+04 0.0000000000E+00 3.5750320711E+00 6.6927208121E-04 1.9476395733E+00 2.8383351315E+00 
2017-02-22 19:35:31.272 52.48300083 1259.592020 53.48300083 0 963 1.0001648488E+02 4.4999748230E+01 6.6000000000E+01 0.0000000000E+00 5.2371030293E+04 0.0000000000E+00 3.5750320711E+00 6.0360758944E-04 1.8767960429E+00 2.8383351315E+00 
2017-02-22 19:35:34.319 52.48303611 1259.592867 53.48303611 0 963 1.0001654473E+02 4.4999564148E+01 6.5000000000E+01 0.0000000000E+00 5.2377363008E+04 0.0000000000E+00 3.0970485695E+00 6.0360758944E-04 1.8767960429E+00 2.6154050090E+00 
2017-02-22 19:35:37.372 52.48307145 1259.593715 53.48307145 0 963 1.0001335630E+02 4.4999259949E+01 6.6000000000E+01 0.0000000000E+00 5.2382959758E+04 0.0000000000E+00 3.0970485695E+00 7.0082771457E-04 2.0140573117E+00 2.6154050090E+00 
2017-02-22 19:35:40.421 52.48310672 1259.594561 53.48310672 0 963 1.0001618891E+02 4.4999416443E+01 6.5000000000E+01 0.0000000000E+00 5.2389616129E+04 0.0000000000E+00 3.5928802025E+00 7.0082771457E-04 2.0140573117E+00 2.2684777281E+00 
2017-02-22 19:35:43.473 52.48314206 1259.595409 53.48314206 0 963 1.0001568865E+02 4.4999504089E+01 6.6000000000E+01 0.0000000000E+00 5.2395388999E+04 0.0000000000E+00 3.5928802025E+00 5.9395785209E-04 1.9989907674E+00 2.2684777281E+00 
2017-02-22 19:35:46.522 52.48317734 1259.596256 53.48317734 0 963 1.0001695260E+02 4.4999699402E+01 6.5000000000E+01 0.0000000000E+00 5.2402032051E+04 0.0000000000E+00 3.5220599623E+00 5.9395785209E-04 1.9989907674E+00 2.4979468873E+00 
2017-02-22 19:35:49.573 52.48321266 1259.597104 53.48321266 0 963 1.0001453929E+02 4.4999740258E+01 6.6000000000E+01 0.0000000000E+00 5.2407733323E+04 0.0000000000E+00 3.5220599623E+00 6.7188282591E-04 1.9632949913E+00 2.4979468873E+00 
2017-02-22 19:35:52.621 52.48324794 1259.597951 53.48324794 0 963 1.0001589379E+02 4.4999730530E+01 6.5000000000E+01 0.0000000000E+00 5.2414199500E+04 0.0000000000E+00 3.7007534137E+00 6.7188282591E-04 1.9632949913E+00 2.4753513426E+00 
2017-02-22 19:35:55.674 52.48328328 1259.598799 53.48328328 0 963 1.0001446642E+02 4.4999900818E+01 6.6000000000E+01 0.0000000000E+00 5.2419966757E+04 0.0000000000E+00 3.7007534137E+00 5.4023575426E-04 1.8716986216E+00 2.4753513426E+00 
2017-02-22 19:35:58.723 52.48331855 1259.599645 53.48331855 0 963 1.0001406059E+02 4.4999824280E+01 6.5000000000E+01 0.0000000000E+00 5.2425410703E+04 0.0000000000E+00 3.5387330700E+00 5.4023575426E-04 1.8716986216E+00 2.8533849555E+00 
2017-02-22 19:36:01.775 52.48335388 1259.600493 53.48335388 0 963 1.0001370326E+02 4.4999565125E+01 6.6000000000E+01 0.0000000000E+00 5.2431202806E+04 0.0000000000E+00 3.5387330700E+00 6.1858910971E-04 1.8212962758E+00 2.8533849555E+00 
2017-02-22 19:36:04.822 52.48338916 1259.601340 53.48338916 0 963 1.0001580872E+02 4.4999670654E+01 6.5000000000E+01 0.0000000000E+00 5.2436969426E+04 0.0000000000E+00 4.1803944477E+00 6.1858910971E-04 1.8212962758E+00 2.5228396838E+00 
2017-02-22 19:36:07.875 52.48342449 1259.602188 53.48342449 0 963 1.0001567296E+02 4.4999778748E+01 6.6000000000E+01 0.0000000000E+00 5.2442858307E+04 0.0000000000E+00 4.1803944477E+00 4.7760380218E-04 1.9521501968E+00 2.5228396838E+00 
2017-02-22 19:36:10.924 52.48345977 1259.603034 53.48345977 0 963 1.0001388955E+02 4.4999801971E+01 6.5000000000E+01 0.0000000000E+00 5.2448463273E+04 0.0000000000E+00 3.4569946837E+00 4.7760380218E-04 1.9521501968E+00 2.4472319183E+00 
2017-02-22 19:36:13.976 52.48349509 1259.603882 53.48349509 0 963 1.0001606336E+02 4.4999809265E+01 6.6000000000E+01 0.0000000000E+00 5.2454134200E+04 0.0000000000E+00 3.4569946837E+00 4.2470745403E-04 1.9224146519E+00 2.4472319183E+00 
2017-02-22 19:36:17.023 52.48353037 1259.604729 53.48353037 0 963 1.0001532909E+02 4.4999697449E+01 6.5000000000E+01 0.0000000000E+00 5.2460091102E+04 0.0000000000E+00 3.3696815622E+00 4.2470745403E-04 1.9224146519E+00 2.4589001541E+00 
2017-02-22 19:36:20.076 52.48356571 1259.605577 53.48356571 0 963 1.0001795935E+02 4.4999824711E+01 6.6000000000E+01 0.0000000000E+00 5.2466446126E+04 0.0000000000E+00 3.3696815622E+00 4.7811649982E-04 2.0483181680E+00 2.4589001541E+00 
2017-02-22 19:36:23.125 52.48360098 1259.606424 53.48360098 0 963 1.0001450414E+02 4.4999858032E+01 6.5000000000E+01 0.0000000000E+00 5.2472011664E+04 0.0000000000E+00 4.5460549618E+00 4.7811649982E-04 2.0483181680E+00 2.3963014470E+00 
2017-02-22 19:36:26.180 52.48363635 1259.607272 53.48363635 0 963 1.0001530777E+02 4.4999809265E+01 6.6000000000E+01 0.0000000000E+00 5.2477401865E+04 0.0000000000E+00 4.5460549618E+00 4.8631364223E-04 2.0333474443E+00 2.3963014470E+00 
2017-02-22 19:36:29.230 52.48367166 1259.608120 53.48367166 0 963 1.0001450697E+02 4.4999940735E+01 6.5000000000E+01 0.0000000000E+00 5.2482965422E+04 0.0000000000E+00 3.4797912750E+00 4.8631364223E-04 2.0333474443E+00 2.5053932117E+00 
2017-02-22 19:36:32.282 52.48370698 1259.608967 53.48370698 0 963 1.0001451154E+02 4.5000175476E+01 6.6000000000E+01 0.0000000000E+00 5.2488925941E+04 0.0000000000E+00 3.4797912750E+00 4.9825405469E-04 1.9614553721E+00 2.5053932117E+00 
2017-02-22 19:36:35.331 52.48374226 1259.609814 53.48374226 0 963 1.0001441560E+02 4.5000080261E+01 6.5000000000E+01 0.0000000000E+00 5.2494770449E+04 0.0000000000E+00 3.2476078155E+00 4.9825405469E-04 1.9614553721E+00 2.5337900785E+00 
2017-02-22 19:36:38.384 52.48377759 1259.610662 53.48377759 0 963 1.0001575255E+02 4.5000022888E+01 6.6000000000E+01 0.0000000000E+00 5.2500314222E+04 0.0000000000E+00 3.2476078155E+00 5.0673343174E-04 2.1827871010E+00 2.5337900785E+00 
2017-02-22 19:36:41.431 52.48381287 1259.611509 53.48381287 0 963 1.0001475121E+02 4.4999927795E+01 6.5000000000E+01 0.0000000000E+00 5.2505955953E+04 0.0000000000E+00 3.6181919519E+00 5.0673343174E-04 2.1827871010E+00 2.6797208642E+00 
2017-02-22 19:36:44.484 52.48384821 1259.612357 53.48384821 0 963 1.0001378566E+02 4.4999900818E+01 6.6000000000E+01 0.0000000000E+00 5.2510939923E+04 0.0000000000E+00 3.6181919519E+00 4.4276232531E-04 1.8733786492E+00 2.6797208642E+00 
2017-02-22 19:36:47.532 52.48388348 1259.613204 53.48388348 0 963 1.0001342935E+02 4.4999906677E+01 6.5000000000E+01 0.0000000000E+00 5.2516313664E+04 0.0000000000E+00 3.5837263575E+00 4.4276232531E-04 1.8733786492E+00 2.3409876083E+00 
2017-02-22 19:36:50.585 52.48391881 1259.614051 53.48391881 0 963 1.0001500637E+02 4.5000022888E+01 6.6000000000E+01 0.0000000000E+00 5.2521634598E+04 0.0000000000E+00 3.5837263575E+00 4.1746023041E-04 1.9231917228E+00 2.3409876083E+00 
2017-02-22 19:36:53.632 52.48395409 1259.614898 53.48395409 0 963 1.0001309422E+02 4.4999934814E+01 6.5000000000E+01 0.0000000000E+00 5.2526551816E+04 0.0000000000E+00 3.1310311786E+00 4.1746023041E-04 1.9231917228E+00 2.2312868809E+00 
2017-02-22 19:36:56.686 52.48398942 1259.615746 53.48398942 0 963 1.0001221949E+02 4.4999626160E+01 6.6000000000E+01 0.0000000000E+00 5.2531087436E+04 0.0000000000E+00 3.1310311786E+00 3.4931606634E-04 1.9937308375E+00 2.2312868809E+00 
