DATE TIME FRAC_DAYS_SINCE_JAN1 FRAC_HRS_SINCE_JAN1 JULIAN_DAYS ALARM_STATUS INST_STATUS CavityPressure CavityTemp species MPVPosition OutletValve solenoid_valves H2O2 H2O CH4 Spectrum_Score 
2017-02-22 18:48:31.151 52.45036056 1258.808653 53.45036056 0 963 1.0001306839E+02 4.5001521606E+01 6.5000000000E+01 0.0000000000E+00 4.8677910168E+04 0.0000000000E+00 1.8192251064E+00 1.7991296108E-02 9.9892592500E+01 4.4383539022E+00 
2017-02-22 18:48:34.204 52.45039589 1258.809501 53.45039589 0 963 1.0001394037E+02 4.5001579285E+01 6.6000000000E+01 0.0000000000E+00 4.8682999888E+04 0.0000000000E+00 1.8192251064E+00 1.8013516345E-02 9.9827891531E+01 4.4383539022E+00 
2017-02-22 18:48:37.253 52.45043117 1258.810348 53.45043117 0 963 1.0001362252E+02 4.5001638550E+01 6.5000000000E+01 0.0000000000E+00 4.8688162621E+04 0.0000000000E+00 4.3592715648E-01 1.8013516345E-02 9.9827891531E+01 4.3161032405E+00 
2017-02-22 18:48:40.305 52.45046649 1258.811196 53.45046649 0 963 1.0001481143E+02 4.5001640320E+01 6.6000000000E+01 0.0000000000E+00 4.8693585092E+04 0.0000000000E+00 4.3592715648E-01 1.7779730429E-02 9.9792617202E+01 4.3161032405E+00 
2017-02-22 18:48:43.354 52.45050178 1258.812043 53.45050178 0 963 1.0001398959E+02 4.5001602173E+01 6.5000000000E+01 0.0000000000E+00 4.8698906000E+04 0.0000000000E+00 6.0345393470E-01 1.7779730429E-02 9.9792617202E+01 4.3738555493E+00 
2017-02-22 18:48:46.405 52.45053711 1258.812891 53.45053711 0 963 1.0001538457E+02 4.5001487732E+01 6.6000000000E+01 0.0000000000E+00 4.8704267650E+04 0.0000000000E+00 6.0345393470E-01 1.7684805567E-02 9.9746303857E+01 4.3738555493E+00 
2017-02-22 18:48:49.453 52.45057238 1258.813737 53.45057238 0 963 1.0001448356E+02 4.5001230774E+01 6.5000000000E+01 0.0000000000E+00 4.8709683414E+04 0.0000000000E+00 6.2474600881E-01 1.7684805567E-02 9.9746303857E+01 4.2547244524E+00 
2017-02-22 18:48:55.559 52.45064304 1258.815433 53.45064304 0 963 1.0001373786E+02 4.5000957947E+01 6.5000000000E+01 0.0000000000E+00 4.8720681707E+04 0.0000000000E+00 2.8950299457E+00 1.7684805567E-02 9.9746303857E+01 4.3771380946E+00 
2017-02-22 18:48:58.611 52.45067838 1258.816281 53.45067838 0 963 1.0001341989E+02 4.5000999451E+01 6.6000000000E+01 0.0000000000E+00 4.8725669388E+04 0.0000000000E+00 2.8950299457E+00 1.7414920172E-02 9.9690303010E+01 4.3771380946E+00 
2017-02-22 18:49:01.660 52.45071366 1258.817128 53.45071366 0 963 1.0001338697E+02 4.5000801422E+01 6.5000000000E+01 0.0000000000E+00 4.8731011363E+04 0.0000000000E+00 9.8816516170E-01 1.7414920172E-02 9.9690303010E+01 4.2704392782E+00 
2017-02-22 18:49:04.713 52.45074899 1258.817976 53.45074899 0 963 1.0001213382E+02 4.5000734757E+01 6.6000000000E+01 0.0000000000E+00 4.8735778300E+04 0.0000000000E+00 9.8816516170E-01 1.7453970558E-02 9.9752185882E+01 4.2704392782E+00 
2017-02-22 18:49:07.762 52.45078428 1258.818823 53.45078428 0 963 1.0001299461E+02 4.5000598663E+01 6.5000000000E+01 0.0000000000E+00 4.8741144230E+04 0.0000000000E+00 7.3792745855E-01 1.7453970558E-02 9.9752185882E+01 4.3642280386E+00 
2017-02-22 18:49:10.818 52.45081965 1258.819672 53.45081965 0 963 1.0001217156E+02 4.5000297546E+01 6.6000000000E+01 0.0000000000E+00 4.8745839110E+04 0.0000000000E+00 7.3792745855E-01 1.6726171632E-02 9.9769977028E+01 4.3642280386E+00 
2017-02-22 18:49:13.865 52.45085493 1258.820518 53.45085493 0 963 1.0001201222E+02 4.5000437622E+01 6.5000000000E+01 0.0000000000E+00 4.8750828316E+04 0.0000000000E+00 1.8409707664E-01 1.6726171632E-02 9.9769977028E+01 4.4384391520E+00 
2017-02-22 18:49:16.918 52.45089027 1258.821366 53.45089027 0 963 1.0001309310E+02 4.5000602722E+01 6.6000000000E+01 0.0000000000E+00 4.8755628970E+04 0.0000000000E+00 1.8409707664E-01 1.5755922954E-02 9.9932989563E+01 4.4384391520E+00 
2017-02-22 18:49:19.967 52.45092554 1258.822213 53.45092554 0 963 1.0001318633E+02 4.5000680115E+01 6.5000000000E+01 0.0000000000E+00 4.8760764703E+04 0.0000000000E+00 1.7656684842E+00 1.5755922954E-02 9.9932989563E+01 4.5566944159E+00 
2017-02-22 18:49:23.019 52.45096087 1258.823061 53.45096087 0 963 1.0001122692E+02 4.5000724792E+01 6.6000000000E+01 0.0000000000E+00 4.8765088026E+04 0.0000000000E+00 1.7656684842E+00 1.4512939767E-02 1.0001878278E+02 4.5566944159E+00 
2017-02-22 18:49:26.068 52.45099616 1258.823908 53.45099616 0 963 1.0001121017E+02 4.5000870178E+01 6.5000000000E+01 0.0000000000E+00 4.8769528109E+04 0.0000000000E+00 2.1612451329E+00 1.4512939767E-02 1.0001878278E+02 4.4523917238E+00 
2017-02-22 18:49:29.119 52.45103148 1258.824756 53.45103148 0 963 1.0001162377E+02 4.5000907898E+01 6.6000000000E+01 0.0000000000E+00 4.8773906521E+04 0.0000000000E+00 2.1612451329E+00 1.2764675452E-02 9.9680396659E+01 4.4523917238E+00 
2017-02-22 18:49:32.168 52.45106677 1258.825602 53.45106677 0 963 1.0001191481E+02 4.5000734314E+01 6.5000000000E+01 0.0000000000E+00 4.8778777773E+04 0.0000000000E+00 1.5576203717E+00 1.2764675452E-02 9.9680396659E+01 4.4086922317E+00 
2017-02-22 18:49:35.220 52.45110209 1258.826450 53.45110209 0 963 1.0000966361E+02 4.5001120774E+01 6.6000000000E+01 0.0000000000E+00 4.8782876674E+04 0.0000000000E+00 1.5576203717E+00 1.1106830602E-02 9.9743752543E+01 4.4086922317E+00 
2017-02-22 18:49:38.269 52.45113737 1258.827297 53.45113737 0 963 1.0001173488E+02 4.5001231018E+01 6.5000000000E+01 0.0000000000E+00 4.8787281758E+04 0.0000000000E+00 6.4462457050E-01 1.1106830602E-02 9.9743752543E+01 4.2786234466E+00 
2017-02-22 18:49:41.321 52.45117270 1258.828145 53.45117270 0 963 1.0001334172E+02 4.5001182556E+01 6.6000000000E+01 0.0000000000E+00 4.8792050351E+04 0.0000000000E+00 6.4462457050E-01 1.0644689254E-02 9.9798197599E+01 4.2786234466E+00 
2017-02-22 18:49:44.368 52.45120797 1258.828991 53.45120797 0 963 1.0001145898E+02 4.5001127625E+01 6.5000000000E+01 0.0000000000E+00 4.8796210230E+04 0.0000000000E+00 -2.3925538528E-01 1.0644689254E-02 9.9798197599E+01 4.4490890551E+00 
2017-02-22 18:49:47.421 52.45124331 1258.829839 53.45124331 0 963 1.0001342440E+02 4.5001029968E+01 6.6000000000E+01 0.0000000000E+00 4.8800735953E+04 0.0000000000E+00 -2.3925538528E-01 1.0192883587E-02 9.9786252012E+01 4.4490890551E+00 
2017-02-22 18:49:50.470 52.45127859 1258.830686 53.45127859 0 963 1.0001088004E+02 4.5001359406E+01 6.5000000000E+01 0.0000000000E+00 4.8805006738E+04 0.0000000000E+00 1.2719612170E+00 1.0192883587E-02 9.9786252012E+01 4.2756121559E+00 
2017-02-22 18:49:53.522 52.45131391 1258.831534 53.45131391 0 963 1.0001143366E+02 4.5001548767E+01 6.6000000000E+01 0.0000000000E+00 4.8809390753E+04 0.0000000000E+00 1.2719612170E+00 1.0134705664E-02 9.9829578660E+01 4.2756121559E+00 
2017-02-22 18:49:56.571 52.45134920 1258.832381 53.45134920 0 963 1.0001286861E+02 4.5001548767E+01 6.5000000000E+01 0.0000000000E+00 4.8814426031E+04 0.0000000000E+00 6.2460328038E-01 1.0134705664E-02 9.9829578660E+01 4.2820745301E+00 
2017-02-22 18:49:59.622 52.45138453 1258.833229 53.45138453 0 963 1.0001153966E+02 4.5001512893E+01 6.6000000000E+01 0.0000000000E+00 4.8818840928E+04 0.0000000000E+00 6.2460328038E-01 1.0034534165E-02 9.9552826485E+01 4.2820745301E+00 
2017-02-22 18:50:02.671 52.45141980 1258.834075 53.45141980 0 963 1.0001177287E+02 4.5001245300E+01 6.5000000000E+01 0.0000000000E+00 4.8823627734E+04 0.0000000000E+00 3.3197582119E-01 1.0034534165E-02 9.9552826485E+01 4.2114745526E+00 
2017-02-22 18:50:05.723 52.45145514 1258.834923 53.45145514 0 963 1.0001366235E+02 4.5000938416E+01 6.6000000000E+01 0.0000000000E+00 4.8828230054E+04 0.0000000000E+00 3.3197582119E-01 9.9711758227E-03 9.9863296064E+01 4.2114745526E+00 
2017-02-22 18:50:08.772 52.45149042 1258.835770 53.45149042 0 963 1.0000919041E+02 4.5000870056E+01 6.5000000000E+01 0.0000000000E+00 4.8831199828E+04 0.0000000000E+00 4.4386132368E-01 9.9711758227E-03 9.9863296064E+01 4.1690225570E+00 
2017-02-22 18:50:14.872 52.45156103 1258.837465 53.45156103 0 963 1.0001011985E+02 4.5000724792E+01 6.5000000000E+01 0.0000000000E+00 4.8839736652E+04 0.0000000000E+00 9.2076976368E-01 9.9711758227E-03 9.9863296064E+01 4.3632119621E+00 
2017-02-22 18:50:17.924 52.45159635 1258.838312 53.45159635 0 963 1.0001154119E+02 4.5000724792E+01 6.6000000000E+01 0.0000000000E+00 4.8844574107E+04 0.0000000000E+00 9.2076976368E-01 9.8176293205E-03 9.9907670742E+01 4.3632119621E+00 
2017-02-22 18:50:20.973 52.45163163 1258.839159 53.45163163 0 963 1.0001072474E+02 4.5000653503E+01 6.5000000000E+01 0.0000000000E+00 4.8848255715E+04 0.0000000000E+00 1.3433906384E+00 9.8176293205E-03 9.9907670742E+01 4.2551627532E+00 
2017-02-22 18:50:24.025 52.45166696 1258.840007 53.45166696 0 963 1.0001150824E+02 4.5000602722E+01 6.6000000000E+01 0.0000000000E+00 4.8852882414E+04 0.0000000000E+00 1.3433906384E+00 9.7209563205E-03 9.9834106713E+01 4.2551627532E+00 
2017-02-22 18:50:27.072 52.45170223 1258.840854 53.45170223 0 963 1.0000851047E+02 4.5000271729E+01 6.5000000000E+01 0.0000000000E+00 4.8856372043E+04 0.0000000000E+00 8.0994898118E-01 9.7209563205E-03 9.9834106713E+01 4.3366825157E+00 
2017-02-22 18:50:30.125 52.45173757 1258.841702 53.45173757 0 963 1.0000998843E+02 4.5000267029E+01 6.6000000000E+01 0.0000000000E+00 4.8860226786E+04 0.0000000000E+00 8.0994898118E-01 9.7589780245E-03 9.9807440522E+01 4.3366825157E+00 
2017-02-22 18:50:33.174 52.45177285 1258.842548 53.45177285 0 963 1.0001037283E+02 4.5000294800E+01 6.5000000000E+01 0.0000000000E+00 4.8864096715E+04 0.0000000000E+00 9.1092987752E-01 9.7589780245E-03 9.9807440522E+01 4.2974891638E+00 
2017-02-22 18:50:36.226 52.45180817 1258.843396 53.45180817 0 963 1.0001077454E+02 4.5000480652E+01 6.6000000000E+01 0.0000000000E+00 4.8868488967E+04 0.0000000000E+00 9.1092987752E-01 9.6692612527E-03 1.0005329859E+02 4.2974891638E+00 
2017-02-22 18:50:39.273 52.45184345 1258.844243 53.45184345 0 963 1.0001049323E+02 4.5000638153E+01 6.5000000000E+01 0.0000000000E+00 4.8872680242E+04 0.0000000000E+00 1.5451325932E+00 9.6692612527E-03 1.0005329859E+02 4.4335110530E+00 
2017-02-22 18:50:42.326 52.45187878 1258.845091 53.45187878 0 963 1.0001066673E+02 4.5000877380E+01 6.6000000000E+01 0.0000000000E+00 4.8876991422E+04 0.0000000000E+00 1.5451325932E+00 9.6603525617E-03 9.9785479237E+01 4.4335110530E+00 
2017-02-22 18:50:45.375 52.45191406 1258.845937 53.45191406 0 963 1.0000996687E+02 4.5000917908E+01 6.5000000000E+01 0.0000000000E+00 4.8880980531E+04 0.0000000000E+00 2.0428639680E+00 9.6603525617E-03 9.9785479237E+01 4.4268207472E+00 
2017-02-22 18:50:48.427 52.45194939 1258.846785 53.45194939 0 963 1.0000848370E+02 4.5000938416E+01 6.6000000000E+01 0.0000000000E+00 4.8884273629E+04 0.0000000000E+00 2.0428639680E+00 9.4531295693E-03 9.9711204346E+01 4.4268207472E+00 
2017-02-22 18:50:51.474 52.45198466 1258.847632 53.45198466 0 963 1.0000976727E+02 4.5001052063E+01 6.5000000000E+01 0.0000000000E+00 4.8888281648E+04 0.0000000000E+00 1.5353597047E+00 9.4531295693E-03 9.9711204346E+01 4.4425213583E+00 
2017-02-22 18:50:54.528 52.45202000 1258.848480 53.45202000 0 963 1.0000742374E+02 4.5000959840E+01 6.6000000000E+01 0.0000000000E+00 4.8891590258E+04 0.0000000000E+00 1.5353597047E+00 9.4888405478E-03 9.9655712204E+01 4.4425213583E+00 
2017-02-22 18:50:57.575 52.45205528 1258.849327 53.45205528 0 963 1.0000953216E+02 4.5000819519E+01 6.5000000000E+01 0.0000000000E+00 4.8895587820E+04 0.0000000000E+00 3.3513114779E-01 9.4888405478E-03 9.9655712204E+01 4.3187175584E+00 
2017-02-22 18:51:00.628 52.45209060 1258.850174 53.45209060 0 963 1.0001142111E+02 4.5001213074E+01 6.6000000000E+01 0.0000000000E+00 4.8899648549E+04 0.0000000000E+00 3.3513114779E-01 9.4946184502E-03 9.9891547891E+01 4.3187175584E+00 
2017-02-22 18:51:03.677 52.45212589 1258.851021 53.45212589 0 963 1.0001130487E+02 4.5001078308E+01 6.5000000000E+01 0.0000000000E+00 4.8903766035E+04 0.0000000000E+00 1.4562755758E+00 9.4946184502E-03 9.9891547891E+01 4.3425603552E+00 
2017-02-22 18:51:06.729 52.45216122 1258.851869 53.45216122 0 963 1.0001189500E+02 4.5000846863E+01 6.6000000000E+01 0.0000000000E+00 4.8907834981E+04 0.0000000000E+00 1.4562755758E+00 9.4863152431E-03 9.9585942405E+01 4.3425603552E+00 
2017-02-22 18:51:09.776 52.45219649 1258.852716 53.45219649 0 963 1.0001023514E+02 4.5000782776E+01 6.5000000000E+01 0.0000000000E+00 4.8911705281E+04 0.0000000000E+00 4.4767908312E-01 9.4863152431E-03 9.9585942405E+01 4.2550716036E+00 
2017-02-22 18:51:12.829 52.45223183 1258.853564 53.45223183 0 963 1.0000997470E+02 4.5000724792E+01 6.6000000000E+01 0.0000000000E+00 4.8915071779E+04 0.0000000000E+00 4.4767908312E-01 9.5047731820E-03 9.9918785753E+01 4.2550716036E+00 
2017-02-22 18:51:15.878 52.45226711 1258.854411 53.45226711 0 963 1.0000822658E+02 4.5000745667E+01 6.5000000000E+01 0.0000000000E+00 4.8918223367E+04 0.0000000000E+00 1.8703901993E+00 9.5047731820E-03 9.9918785753E+01 4.4660876775E+00 
2017-02-22 18:51:18.930 52.45230243 1258.855258 53.45230243 0 963 1.0001124473E+02 4.5000755310E+01 6.6000000000E+01 0.0000000000E+00 4.8922115179E+04 0.0000000000E+00 1.8703901993E+00 9.3500533673E-03 9.9889804475E+01 4.4660876775E+00 
2017-02-22 18:51:21.977 52.45233771 1258.856105 53.45233771 0 963 1.0001033273E+02 4.5000439423E+01 6.5000000000E+01 0.0000000000E+00 4.8926022664E+04 0.0000000000E+00 1.5512491100E+00 9.3500533673E-03 9.9889804475E+01 4.1849348240E+00 
2017-02-22 18:51:25.029 52.45237303 1258.856953 53.45237303 0 963 1.0000999077E+02 4.5000419617E+01 6.6000000000E+01 0.0000000000E+00 4.8929640784E+04 0.0000000000E+00 1.5512491100E+00 9.2983245961E-03 9.9893810451E+01 4.1849348240E+00 
2017-02-22 18:51:28.078 52.45240832 1258.857800 53.45240832 0 963 1.0001000757E+02 4.5000471954E+01 6.5000000000E+01 0.0000000000E+00 4.8932896926E+04 0.0000000000E+00 1.3823831311E+00 9.2983245961E-03 9.9893810451E+01 4.2333232437E+00 
2017-02-22 18:51:31.131 52.45244365 1258.858648 53.45244365 0 963 1.0000873566E+02 4.5000633240E+01 6.6000000000E+01 0.0000000000E+00 4.8936271189E+04 0.0000000000E+00 1.3823831311E+00 9.3100806739E-03 9.9726626083E+01 4.2333232437E+00 
2017-02-22 18:51:34.178 52.45247892 1258.859494 53.45247892 0 963 1.0001003973E+02 4.5000447388E+01 6.5000000000E+01 0.0000000000E+00 4.8940343102E+04 0.0000000000E+00 4.6713235089E-01 9.3100806739E-03 9.9726626083E+01 4.3002666720E+00 
2017-02-22 18:51:37.232 52.45251426 1258.860342 53.45251426 0 963 1.0000912578E+02 4.5000175476E+01 6.6000000000E+01 0.0000000000E+00 4.8943994037E+04 0.0000000000E+00 4.6713235089E-01 9.2964432332E-03 9.9819609767E+01 4.3002666720E+00 
2017-02-22 18:51:40.279 52.45254954 1258.861189 53.45254954 0 963 1.0000805258E+02 4.5000243958E+01 6.5000000000E+01 0.0000000000E+00 4.8947266684E+04 0.0000000000E+00 8.0558657805E-01 9.2964432332E-03 9.9819609767E+01 4.1514375393E+00 
2017-02-22 18:51:43.332 52.45258486 1258.862037 53.45258486 0 963 1.0000770681E+02 4.5000297546E+01 6.6000000000E+01 0.0000000000E+00 4.8950369085E+04 0.0000000000E+00 8.0558657805E-01 9.2730637595E-03 9.9712331435E+01 4.1514375393E+00 
2017-02-22 18:51:46.380 52.45262014 1258.862883 53.45262014 0 963 1.0000831914E+02 4.5000443848E+01 6.5000000000E+01 0.0000000000E+00 4.8953225566E+04 0.0000000000E+00 1.4781960963E+00 9.2730637595E-03 9.9712331435E+01 4.3624587121E+00 
2017-02-22 18:51:49.433 52.45265547 1258.863731 53.45265547 0 963 1.0000762273E+02 4.5000480652E+01 6.6000000000E+01 0.0000000000E+00 4.8955788584E+04 0.0000000000E+00 1.4781960963E+00 9.2115405387E-03 9.9880501387E+01 4.3624587121E+00 
2017-02-22 18:51:52.480 52.45269075 1258.864578 53.45269075 0 963 1.0000957426E+02 4.5000485931E+01 6.5000000000E+01 0.0000000000E+00 4.8959769750E+04 0.0000000000E+00 1.8854151556E+00 9.2115405387E-03 9.9880501387E+01 4.3276782935E+00 
2017-02-22 18:51:55.532 52.45272608 1258.865426 53.45272608 0 963 1.0000786628E+02 4.5000511169E+01 6.6000000000E+01 0.0000000000E+00 4.8962938106E+04 0.0000000000E+00 1.8854151556E+00 9.1628127158E-03 9.9848593285E+01 4.3276782935E+00 
2017-02-22 18:51:58.581 52.45276135 1258.866273 53.45276135 0 963 1.0000889503E+02 4.5000550171E+01 6.5000000000E+01 0.0000000000E+00 4.8966348270E+04 0.0000000000E+00 9.1786404572E-01 9.1628127158E-03 9.9848593285E+01 4.2187460420E+00 
2017-02-22 18:52:01.634 52.45279669 1258.867121 53.45279669 0 963 1.0000886850E+02 4.5000694275E+01 6.6000000000E+01 0.0000000000E+00 4.8969884120E+04 0.0000000000E+00 9.1786404572E-01 9.0669516405E-03 9.9600021928E+01 4.2187460420E+00 
2017-02-22 18:52:04.681 52.45283197 1258.867967 53.45283197 0 963 1.0000756417E+02 4.5000376038E+01 6.5000000000E+01 0.0000000000E+00 4.8972546051E+04 0.0000000000E+00 7.1024605265E-01 9.0669516405E-03 9.9600021928E+01 4.4101696256E+00 
2017-02-22 18:52:07.733 52.45286729 1258.868815 53.45286729 0 963 1.0000717599E+02 4.5000022888E+01 6.6000000000E+01 0.0000000000E+00 4.8975496253E+04 0.0000000000E+00 7.1024605265E-01 9.1506897034E-03 9.9868623382E+01 4.4101696256E+00 
2017-02-22 18:52:10.782 52.45290258 1258.869662 53.45290258 0 963 1.0000757893E+02 4.5000225311E+01 6.5000000000E+01 0.0000000000E+00 4.8978674680E+04 0.0000000000E+00 1.9744443304E+00 9.1506897034E-03 9.9868623382E+01 4.2960534852E+00 
2017-02-22 18:52:13.835 52.45293791 1258.870510 53.45293791 0 963 1.0000788898E+02 4.5000297546E+01 6.6000000000E+01 0.0000000000E+00 4.8981445089E+04 0.0000000000E+00 1.9744443304E+00 9.0544291165E-03 9.9864943915E+01 4.2960534852E+00 
2017-02-22 18:52:16.882 52.45297318 1258.871356 53.45297318 0 963 1.0000861515E+02 4.5000672668E+01 6.5000000000E+01 0.0000000000E+00 4.8984847879E+04 0.0000000000E+00 1.2193046210E+00 9.0544291165E-03 9.9864943915E+01 4.4729718201E+00 
2017-02-22 18:52:19.936 52.45300852 1258.872204 53.45300852 0 963 1.0000984550E+02 4.5000777856E+01 6.6000000000E+01 0.0000000000E+00 4.8988408243E+04 0.0000000000E+00 1.2193046210E+00 8.9764720323E-03 9.9837492313E+01 4.4729718201E+00 
2017-02-22 18:52:22.983 52.45304380 1258.873051 53.45304380 0 963 1.0000788339E+02 4.5000726624E+01 6.5000000000E+01 0.0000000000E+00 4.8991789684E+04 0.0000000000E+00 1.5500630296E+00 8.9764720323E-03 9.9837492313E+01 4.3740220146E+00 
2017-02-22 18:52:26.036 52.45307912 1258.873899 53.45307912 0 963 1.0000966781E+02 4.5000205994E+01 6.6000000000E+01 0.0000000000E+00 4.8995049474E+04 0.0000000000E+00 1.5500630296E+00 9.0039839264E-03 9.9862744426E+01 4.3740220146E+00 
2017-02-22 18:52:29.088 52.45311444 1258.874747 53.45311444 0 963 1.0000949316E+02 4.5000400818E+01 6.5000000000E+01 0.0000000000E+00 4.8998373613E+04 0.0000000000E+00 2.1537440984E+00 9.0039839264E-03 9.9862744426E+01 4.2654016272E+00 
2017-02-22 18:52:32.141 52.45314979 1258.875595 53.45314979 0 963 1.0000923453E+02 4.5000846863E+01 6.6000000000E+01 0.0000000000E+00 4.9001679959E+04 0.0000000000E+00 2.1537440984E+00 8.7796674323E-03 9.9703344773E+01 4.2654016272E+00 
2017-02-22 18:52:35.190 52.45318507 1258.876442 53.45318507 0 963 1.0000881153E+02 4.5000826202E+01 6.5000000000E+01 0.0000000000E+00 4.9004745727E+04 0.0000000000E+00 3.5303984676E-01 8.7796674323E-03 9.9703344773E+01 4.2607171389E+00 
2017-02-22 18:52:38.242 52.45322039 1258.877289 53.45322039 0 963 1.0000634361E+02 4.5000816345E+01 6.6000000000E+01 0.0000000000E+00 4.9007323278E+04 0.0000000000E+00 3.5303984676E-01 9.0650971492E-03 9.9800959412E+01 4.2607171389E+00 
2017-02-22 18:52:41.289 52.45325567 1258.878136 53.45325567 0 963 1.0000689970E+02 4.5000176239E+01 6.5000000000E+01 0.0000000000E+00 4.9009917465E+04 0.0000000000E+00 2.1929272999E+00 9.0650971492E-03 9.9800959412E+01 4.3203684494E+00 
2017-02-22 18:52:44.346 52.45329105 1258.878985 53.45329105 0 963 1.0000684472E+02 4.5000053406E+01 6.6000000000E+01 0.0000000000E+00 4.9012739923E+04 0.0000000000E+00 2.1929272999E+00 8.8604398487E-03 9.9836035440E+01 4.3203684494E+00 
2017-02-22 18:52:47.395 52.45332634 1258.879832 53.45332634 0 963 1.0000685734E+02 4.5000109650E+01 6.5000000000E+01 0.0000000000E+00 4.9015451070E+04 0.0000000000E+00 1.4006417538E+00 8.8604398487E-03 9.9836035440E+01 4.3175894718E+00 
2017-02-22 18:52:50.447 52.45336167 1258.880680 53.45336167 0 963 1.0000830125E+02 4.5000083923E+01 6.6000000000E+01 0.0000000000E+00 4.9018213090E+04 0.0000000000E+00 1.4006417538E+00 8.8416980315E-03 9.9861127667E+01 4.3175894718E+00 
2017-02-22 18:52:53.496 52.45339694 1258.881527 53.45339694 0 963 1.0000774627E+02 4.5000131714E+01 6.5000000000E+01 0.0000000000E+00 4.9021362277E+04 0.0000000000E+00 7.4913232407E-01 8.8416980315E-03 9.9861127667E+01 4.3130310852E+00 
2017-02-22 18:52:56.549 52.45343228 1258.882375 53.45343228 0 963 1.0000759190E+02 4.5000267029E+01 6.6000000000E+01 0.0000000000E+00 4.9024312261E+04 0.0000000000E+00 7.4913232407E-01 8.7870658187E-03 9.9631608514E+01 4.3130310852E+00 
2017-02-22 18:52:59.596 52.45346756 1258.883221 53.45346756 0 963 1.0000713227E+02 4.5000022919E+01 6.5000000000E+01 0.0000000000E+00 4.9027642641E+04 0.0000000000E+00 9.9890176079E-01 8.7870658187E-03 9.9631608514E+01 4.4650069745E+00 
2017-02-22 18:53:02.648 52.45350288 1258.884069 53.45350288 0 963 1.0000659024E+02 4.4999687195E+01 6.6000000000E+01 0.0000000000E+00 4.9030451196E+04 0.0000000000E+00 9.9890176079E-01 8.7762167085E-03 9.9823563093E+01 4.4650069745E+00 
2017-02-22 18:53:05.697 52.45353816 1258.884916 53.45353816 0 963 1.0000744792E+02 4.4999872162E+01 6.5000000000E+01 0.0000000000E+00 4.9033108551E+04 0.0000000000E+00 1.7689751742E+00 8.7762167085E-03 9.9823563093E+01 4.3476479940E+00 
2017-02-22 18:53:11.798 52.45360877 1258.886611 53.45360877 0 963 1.0000660671E+02 4.4999739990E+01 6.5000000000E+01 0.0000000000E+00 4.9038663602E+04 0.0000000000E+00 1.5933435317E+00 8.7762167085E-03 9.9823563093E+01 4.3413033318E+00 
2017-02-22 18:53:14.849 52.45364410 1258.887458 53.45364410 0 963 1.0000595993E+02 4.4999806400E+01 6.6000000000E+01 0.0000000000E+00 4.9040939700E+04 0.0000000000E+00 1.5933435317E+00 8.7175781517E-03 9.9945411575E+01 4.3413033318E+00 
2017-02-22 18:53:17.903 52.45367943 1258.888306 53.45367943 0 963 1.0000588690E+02 4.4999968231E+01 6.5000000000E+01 0.0000000000E+00 4.9043521516E+04 0.0000000000E+00 1.8858680394E+00 8.7175781517E-03 9.9945411575E+01 4.3534307710E+00 
2017-02-22 18:53:20.956 52.45371477 1258.889154 53.45371477 0 963 1.0000751539E+02 4.4999992371E+01 6.6000000000E+01 0.0000000000E+00 4.9046166709E+04 0.0000000000E+00 1.8858680394E+00 8.7745741355E-03 9.9775779208E+01 4.3534307710E+00 
2017-02-22 18:53:24.003 52.45375005 1258.890001 53.45375005 0 963 1.0000707356E+02 4.5000110291E+01 6.5000000000E+01 0.0000000000E+00 4.9048887840E+04 0.0000000000E+00 1.0043627257E+00 8.7745741355E-03 9.9775779208E+01 4.4675002500E+00 
2017-02-22 18:53:27.056 52.45378538 1258.890849 53.45378538 0 963 1.0000986232E+02 4.5000419617E+01 6.6000000000E+01 0.0000000000E+00 4.9052053412E+04 0.0000000000E+00 1.0043627257E+00 8.5015892230E-03 9.9822348256E+01 4.4675002500E+00 
2017-02-22 18:53:30.105 52.45382066 1258.891696 53.45382066 0 963 1.0000849004E+02 4.5000419617E+01 6.5000000000E+01 0.0000000000E+00 4.9055222871E+04 0.0000000000E+00 1.1319264252E+00 8.5015892230E-03 9.9822348256E+01 4.3963932476E+00 
2017-02-22 18:53:33.157 52.45385598 1258.892544 53.45385598 0 963 1.0000662163E+02 4.5000419617E+01 6.6000000000E+01 0.0000000000E+00 4.9057571397E+04 0.0000000000E+00 1.1319264252E+00 8.7375166334E-03 9.9959011987E+01 4.3963932476E+00 
2017-02-22 18:53:36.204 52.45389126 1258.893390 53.45389126 0 963 1.0000566395E+02 4.5000173645E+01 6.5000000000E+01 0.0000000000E+00 4.9059467621E+04 0.0000000000E+00 5.3397179144E-01 8.7375166334E-03 9.9959011987E+01 4.4417372331E+00 
2017-02-22 18:53:39.257 52.45392660 1258.894238 53.45392660 0 963 1.0000338683E+02 4.5000114441E+01 6.6000000000E+01 0.0000000000E+00 4.9060991390E+04 0.0000000000E+00 5.3397179144E-01 8.6894277091E-03 9.9893803903E+01 4.4417372331E+00 
2017-02-22 18:53:42.305 52.45396187 1258.895085 53.45396187 0 963 1.0000566855E+02 4.5000555267E+01 6.5000000000E+01 0.0000000000E+00 4.9063443527E+04 0.0000000000E+00 8.5546316608E-01 8.6894277091E-03 9.9893803903E+01 4.3277970499E+00 
2017-02-22 18:53:45.358 52.45399720 1258.895933 53.45399720 0 963 1.0000656109E+02 4.5000389099E+01 6.6000000000E+01 0.0000000000E+00 4.9065937229E+04 0.0000000000E+00 8.5546316608E-01 8.4578712500E-03 9.9828968235E+01 4.3277970499E+00 
2017-02-22 18:53:48.407 52.45403249 1258.896780 53.45403249 0 963 1.0000689861E+02 4.5000290710E+01 6.5000000000E+01 0.0000000000E+00 4.9068240266E+04 0.0000000000E+00 1.3997286238E+00 8.4578712500E-03 9.9828968235E+01 4.2383570989E+00 
2017-02-22 18:53:51.459 52.45406781 1258.897628 53.45406781 0 963 1.0000667068E+02 4.4999992371E+01 6.6000000000E+01 0.0000000000E+00 4.9070622082E+04 0.0000000000E+00 1.3997286238E+00 8.3171953107E-03 9.9724526963E+01 4.2383570989E+00 
2017-02-22 18:53:54.509 52.45410312 1258.898475 53.45410312 0 963 1.0000459292E+02 4.5000041687E+01 6.5000000000E+01 0.0000000000E+00 4.9072752887E+04 0.0000000000E+00 5.3642330202E-01 8.3171953107E-03 9.9724526963E+01 4.3657540399E+00 
2017-02-22 18:53:57.565 52.45413848 1258.899324 53.45413848 0 963 1.0000542490E+02 4.5000114441E+01 6.6000000000E+01 0.0000000000E+00 4.9074872704E+04 0.0000000000E+00 5.3642330202E-01 8.4556453446E-03 9.9721835071E+01 4.3657540399E+00 
2017-02-22 18:54:00.612 52.45417376 1258.900170 53.45417376 0 963 1.0000796325E+02 4.4999971100E+01 6.5000000000E+01 0.0000000000E+00 4.9077946191E+04 0.0000000000E+00 1.9511072975E+00 8.4556453446E-03 9.9721835071E+01 4.2151739694E+00 
2017-02-22 18:54:03.664 52.45420909 1258.901018 53.45420909 0 963 1.0000588874E+02 4.4999900818E+01 6.6000000000E+01 0.0000000000E+00 4.9080713776E+04 0.0000000000E+00 1.9511072975E+00 8.4029016088E-03 9.9935090510E+01 4.2151739694E+00 
2017-02-22 18:54:06.713 52.45424437 1258.901865 53.45424437 0 963 1.0000651147E+02 4.5000293457E+01 6.5000000000E+01 0.0000000000E+00 4.9083160805E+04 0.0000000000E+00 2.1527940168E+00 8.4029016088E-03 9.9935090510E+01 4.2303974566E+00 
2017-02-22 18:54:09.766 52.45427970 1258.902713 53.45427970 0 963 1.0000667600E+02 4.5000229411E+01 6.6000000000E+01 0.0000000000E+00 4.9085611511E+04 0.0000000000E+00 2.1527940168E+00 8.4601723538E-03 9.9845645807E+01 4.2303974566E+00 
2017-02-22 18:54:12.815 52.45431499 1258.903560 53.45431499 0 963 1.0000669879E+02 4.5000000793E+01 6.5000000000E+01 0.0000000000E+00 4.9088123938E+04 0.0000000000E+00 1.2379461561E+00 8.4601723538E-03 9.9845645807E+01 4.2522515136E+00 
2017-02-22 18:54:15.867 52.45435031 1258.904408 53.45435031 0 963 1.0000579373E+02 4.5000083923E+01 6.6000000000E+01 0.0000000000E+00 4.9090272513E+04 0.0000000000E+00 1.2379461561E+00 8.3234329160E-03 9.9917211592E+01 4.2522515136E+00 
2017-02-22 18:54:18.914 52.45438559 1258.905254 53.45438559 0 963 1.0000563992E+02 4.5000283875E+01 6.5000000000E+01 0.0000000000E+00 4.9092711262E+04 0.0000000000E+00 1.1154988894E+00 8.3234329160E-03 9.9917211592E+01 4.3099700365E+00 
2017-02-22 18:54:21.967 52.45442093 1258.906102 53.45442093 0 963 1.0000528001E+02 4.5000511169E+01 6.6000000000E+01 0.0000000000E+00 4.9095042666E+04 0.0000000000E+00 1.1154988894E+00 8.3673555301E-03 9.9859165027E+01 4.3099700365E+00 
2017-02-22 18:54:25.016 52.45445620 1258.906949 53.45445620 0 963 1.0000633693E+02 4.5000511169E+01 6.5000000000E+01 0.0000000000E+00 4.9097695699E+04 0.0000000000E+00 1.9061589241E+00 8.3673555301E-03 9.9859165027E+01 4.3100126417E+00 
2017-02-22 18:54:28.068 52.45449153 1258.907797 53.45449153 0 963 1.0000692880E+02 4.5000511169E+01 6.6000000000E+01 0.0000000000E+00 4.9100327758E+04 0.0000000000E+00 1.9061589241E+00 8.2870746508E-03 9.9720260046E+01 4.3100126417E+00 
2017-02-22 18:54:31.115 52.45452681 1258.908643 53.45452681 0 963 1.0000661214E+02 4.5000192596E+01 6.5000000000E+01 0.0000000000E+00 4.9102959082E+04 0.0000000000E+00 1.0354623463E+00 8.2870746508E-03 9.9720260046E+01 4.2395084010E+00 
2017-02-22 18:54:37.217 52.45459742 1258.910338 53.45459742 0 963 1.0000536498E+02 4.4999910645E+01 6.5000000000E+01 0.0000000000E+00 4.9106828410E+04 0.0000000000E+00 4.9905960737E-01 8.2870746508E-03 9.9720260046E+01 4.1955191105E+00 
2017-02-22 18:54:40.269 52.45463274 1258.911186 53.45463274 0 963 1.0000879451E+02 4.5000114441E+01 6.6000000000E+01 0.0000000000E+00 4.9109436607E+04 0.0000000000E+00 4.9905960737E-01 8.1679142705E-03 9.9687794762E+01 4.1955191105E+00 
2017-02-22 18:54:43.316 52.45466802 1258.912032 53.45466802 0 963 1.0000565516E+02 4.4999872986E+01 6.5000000000E+01 0.0000000000E+00 4.9111420523E+04 0.0000000000E+00 8.6758147857E-01 8.1679142705E-03 9.9687794762E+01 4.2802628012E+00 
2017-02-22 18:54:46.369 52.45470336 1258.912881 53.45470336 0 963 1.0000299474E+02 4.4999412537E+01 6.6000000000E+01 0.0000000000E+00 4.9112828683E+04 0.0000000000E+00 8.6758147857E-01 8.2649166622E-03 9.9847364090E+01 4.2802628012E+00 
2017-02-22 18:54:49.417 52.45473863 1258.913727 53.45473863 0 963 1.0000448560E+02 4.4999591522E+01 6.5000000000E+01 0.0000000000E+00 4.9115125910E+04 0.0000000000E+00 1.2783419336E+00 8.2649166622E-03 9.9847364090E+01 4.2983006158E+00 
2017-02-22 18:54:52.470 52.45477397 1258.914575 53.45477397 0 963 1.0000540893E+02 4.4999870300E+01 6.6000000000E+01 0.0000000000E+00 4.9117395568E+04 0.0000000000E+00 1.2783419336E+00 8.1057585086E-03 9.9884026348E+01 4.2983006158E+00 
2017-02-22 18:54:55.519 52.45480925 1258.915422 53.45480925 0 963 1.0000520795E+02 4.4999750549E+01 6.5000000000E+01 0.0000000000E+00 4.9119651312E+04 0.0000000000E+00 1.1583396884E+00 8.1057585086E-03 9.9884026348E+01 4.2686558837E+00 
2017-02-22 18:54:58.571 52.45484457 1258.916270 53.45484457 0 963 1.0000736068E+02 4.4999687195E+01 6.6000000000E+01 0.0000000000E+00 4.9122141566E+04 0.0000000000E+00 1.1583396884E+00 8.0736977658E-03 9.9838976700E+01 4.2686558837E+00 
2017-02-22 18:55:01.618 52.45487985 1258.917116 53.45487985 0 963 1.0000689167E+02 4.4999911316E+01 6.5000000000E+01 0.0000000000E+00 4.9124756898E+04 0.0000000000E+00 1.0225245327E+00 8.0736977658E-03 9.9838976700E+01 4.3423590314E+00 
2017-02-22 18:55:04.671 52.45491519 1258.917964 53.45491519 0 963 1.0000463989E+02 4.5000042943E+01 6.6000000000E+01 0.0000000000E+00 4.9126968846E+04 0.0000000000E+00 1.0225245327E+00 8.0381281919E-03 9.9647855650E+01 4.3423590314E+00 
2017-02-22 18:55:07.720 52.45495046 1258.918811 53.45495046 0 963 1.0000715960E+02 4.5000356934E+01 6.5000000000E+01 0.0000000000E+00 4.9129847332E+04 0.0000000000E+00 1.8353850241E+00 8.0381281919E-03 9.9647855650E+01 4.3262133265E+00 
