DATE TIME FRAC_DAYS_SINCE_JAN1 FRAC_HRS_SINCE_JAN1 JULIAN_DAYS ALARM_STATUS INST_STATUS CavityPressure CavityTemp species MPVPosition OutletValve solenoid_valves H2O2 H2O CH4 Spectrum_Score 
2017-02-22 19:02:36.622 52.46014610 1259.043506 53.46014610 0 963 1.0004529745E+02 4.4998710632E+01 6.5000000000E+01 0.0000000000E+00 5.1568601910E+04 0.0000000000E+00 3.1559634089E+00 2.3120329982E-03 1.0123818436E+01 3.7233396062E+00 
2017-02-22 19:02:39.676 52.46018144 1259.044354 53.46018144 0 963 1.0004723953E+02 4.4998791348E+01 6.6000000000E+01 0.0000000000E+00 5.1585996987E+04 0.0000000000E+00 3.1559634089E+00 2.3295215110E-03 1.0134745002E+01 3.7233396062E+00 
2017-02-22 19:02:42.723 52.46021671 1259.045201 53.46021671 0 963 1.0004608229E+02 4.4998923523E+01 6.5000000000E+01 0.0000000000E+00 5.1603922727E+04 0.0000000000E+00 3.5645590252E+00 2.3295215110E-03 1.0134745002E+01 3.2463840284E+00 
2017-02-22 19:02:45.776 52.46025204 1259.046049 53.46025204 0 963 1.0004808228E+02 4.4998313904E+01 6.6000000000E+01 0.0000000000E+00 5.1622262675E+04 0.0000000000E+00 3.5645590252E+00 2.2418892060E-03 1.0039719762E+01 3.2463840284E+00 
2017-02-22 19:02:48.828 52.46028737 1259.046897 53.46028737 0 963 1.0004589271E+02 4.4998366882E+01 6.5000000000E+01 0.0000000000E+00 5.1639134723E+04 0.0000000000E+00 3.5742497972E+00 2.2418892060E-03 1.0039719762E+01 3.9926753554E+00 
2017-02-22 19:02:51.881 52.46032271 1259.047745 53.46032271 0 963 1.0004472473E+02 4.4998527527E+01 6.6000000000E+01 0.0000000000E+00 5.1656431378E+04 0.0000000000E+00 3.5742497972E+00 2.1801880635E-03 1.0049393901E+01 3.9926753554E+00 
2017-02-22 19:02:54.930 52.46035799 1259.048592 53.46035799 0 963 1.0004460779E+02 4.4998588074E+01 6.5000000000E+01 0.0000000000E+00 5.1673179531E+04 0.0000000000E+00 3.2075769287E+00 2.1801880635E-03 1.0049393901E+01 3.5166710166E+00 
2017-02-22 19:02:57.983 52.46039332 1259.049440 53.46039332 0 963 1.0004457647E+02 4.4998649597E+01 6.6000000000E+01 0.0000000000E+00 5.1689474027E+04 0.0000000000E+00 3.2075769287E+00 2.0550038367E-03 1.0043552448E+01 3.5166710166E+00 
2017-02-22 19:03:01.030 52.46042860 1259.050286 53.46042860 0 963 1.0004470158E+02 4.4998649597E+01 6.5000000000E+01 0.0000000000E+00 5.1707651023E+04 0.0000000000E+00 3.4239201740E+00 2.0550038367E-03 1.0043552448E+01 3.3987228339E+00 
2017-02-22 19:03:04.082 52.46046392 1259.051134 53.46046392 0 963 1.0004214126E+02 4.4998633902E+01 6.6000000000E+01 0.0000000000E+00 5.1723711878E+04 0.0000000000E+00 3.4239201740E+00 2.1118987902E-03 9.9123546370E+00 3.3987228339E+00 
2017-02-22 19:03:07.131 52.46049921 1259.051981 53.46049921 0 963 1.0004220281E+02 4.4998466492E+01 6.5000000000E+01 0.0000000000E+00 5.1740463305E+04 0.0000000000E+00 2.9020472844E+00 2.1118987902E-03 9.9123546370E+00 3.7763212771E+00 
2017-02-22 19:03:10.184 52.46053454 1259.052829 53.46053454 0 963 1.0004241283E+02 4.4998751489E+01 6.6000000000E+01 0.0000000000E+00 5.1756233195E+04 0.0000000000E+00 2.9020472844E+00 2.1089708873E-03 1.0080698926E+01 3.7763212771E+00 
2017-02-22 19:03:13.232 52.46056981 1259.053676 53.46056981 0 963 1.0004130612E+02 4.4998880981E+01 6.5000000000E+01 0.0000000000E+00 5.1772048543E+04 0.0000000000E+00 3.8344569761E+00 2.1089708873E-03 1.0080698926E+01 3.6220081517E+00 
2017-02-22 19:03:16.285 52.46060515 1259.054524 53.46060515 0 963 1.0003917074E+02 4.4998954773E+01 6.6000000000E+01 0.0000000000E+00 5.1788065099E+04 0.0000000000E+00 3.8344569761E+00 1.9974371702E-03 9.9978768703E+00 3.6220081517E+00 
2017-02-22 19:03:19.332 52.46064043 1259.055370 53.46064043 0 963 1.0004129781E+02 4.4998846741E+01 6.5000000000E+01 0.0000000000E+00 5.1803120656E+04 0.0000000000E+00 2.8240582691E+00 1.9974371702E-03 9.9978768703E+00 3.3388498098E+00 
2017-02-22 19:03:22.384 52.46067575 1259.056218 53.46067575 0 963 1.0004144284E+02 4.4998649597E+01 6.6000000000E+01 0.0000000000E+00 5.1818761894E+04 0.0000000000E+00 2.8240582691E+00 2.0094164687E-03 9.9911489493E+00 3.3388498098E+00 
2017-02-22 19:03:25.434 52.46071104 1259.057065 53.46071104 0 963 1.0003904472E+02 4.4998857727E+01 6.5000000000E+01 0.0000000000E+00 5.1833532434E+04 0.0000000000E+00 3.9687425329E+00 2.0094164687E-03 9.9911489493E+00 3.3928255969E+00 
2017-02-22 19:03:28.486 52.46074637 1259.057913 53.46074637 0 963 1.0004142602E+02 4.4998985291E+01 6.6000000000E+01 0.0000000000E+00 5.1849009965E+04 0.0000000000E+00 3.9687425329E+00 1.9882899005E-03 1.0051010083E+01 3.3928255969E+00 
2017-02-22 19:03:31.533 52.46078164 1259.058759 53.46078164 0 963 1.0004069837E+02 4.4999058258E+01 6.5000000000E+01 0.0000000000E+00 5.1865024387E+04 0.0000000000E+00 3.7012052675E+00 1.9882899005E-03 1.0051010083E+01 3.5453415881E+00 
2017-02-22 19:03:34.586 52.46081698 1259.059607 53.46081698 0 963 1.0003959983E+02 4.4999055045E+01 6.6000000000E+01 0.0000000000E+00 5.1880790737E+04 0.0000000000E+00 3.7012052675E+00 1.8184550370E-03 1.0052857668E+01 3.5453415881E+00 
2017-02-22 19:03:37.637 52.46085228 1259.060455 53.46085228 0 963 1.0003903298E+02 4.4999070221E+01 6.5000000000E+01 0.0000000000E+00 5.1894429359E+04 0.0000000000E+00 3.3460347906E+00 1.8184550370E-03 1.0052857668E+01 3.8202602928E+00 
2017-02-22 19:03:40.691 52.46088764 1259.061303 53.46088764 0 963 1.0003907377E+02 4.4999320984E+01 6.6000000000E+01 0.0000000000E+00 5.1910036193E+04 0.0000000000E+00 3.3460347906E+00 1.8755478527E-03 1.0116408270E+01 3.8202602928E+00 
2017-02-22 19:03:43.740 52.46092293 1259.062150 53.46092293 0 963 1.0003807271E+02 4.4999208862E+01 6.5000000000E+01 0.0000000000E+00 5.1923958680E+04 0.0000000000E+00 2.4719612442E+00 1.8755478527E-03 1.0116408270E+01 3.6980562604E+00 
2017-02-22 19:03:46.792 52.46095825 1259.062998 53.46095825 0 963 1.0003774532E+02 4.4998985291E+01 6.6000000000E+01 0.0000000000E+00 5.1938495089E+04 0.0000000000E+00 2.4719612442E+00 1.8228455061E-03 1.0127365013E+01 3.6980562604E+00 
2017-02-22 19:03:49.845 52.46099359 1259.063846 53.46099359 0 963 1.0003740611E+02 4.4999088684E+01 6.5000000000E+01 0.0000000000E+00 5.1952986246E+04 0.0000000000E+00 3.5939382749E+00 1.8228455061E-03 1.0127365013E+01 3.4236533151E+00 
2017-02-22 19:03:52.898 52.46102892 1259.064694 53.46102892 0 963 1.0003457255E+02 4.4999198914E+01 6.6000000000E+01 0.0000000000E+00 5.1966594165E+04 0.0000000000E+00 3.5939382749E+00 1.8634023825E-03 9.9086550833E+00 3.4236533151E+00 
2017-02-22 19:03:55.947 52.46106420 1259.065541 53.46106420 0 963 1.0003704281E+02 4.4999243713E+01 6.5000000000E+01 0.0000000000E+00 5.1979755285E+04 0.0000000000E+00 2.9240545429E+00 1.8634023825E-03 9.9086550833E+00 3.7455994373E+00 
2017-02-22 19:03:58.999 52.46109953 1259.066389 53.46109953 0 963 1.0003644686E+02 4.4999282370E+01 6.6000000000E+01 0.0000000000E+00 5.1995164318E+04 0.0000000000E+00 2.9240545429E+00 1.8793012086E-03 1.0037165289E+01 3.7455994373E+00 
2017-02-22 19:04:02.048 52.46113481 1259.067236 53.46113481 0 963 1.0003662821E+02 4.4999565125E+01 6.5000000000E+01 0.0000000000E+00 5.2008632285E+04 0.0000000000E+00 2.8578409276E+00 1.8793012086E-03 1.0037165289E+01 3.5947530377E+00 
2017-02-22 19:04:05.105 52.46117020 1259.068085 53.46117020 0 963 1.0003671255E+02 4.4999682835E+01 6.6000000000E+01 0.0000000000E+00 5.2022398119E+04 0.0000000000E+00 2.8578409276E+00 1.7598269926E-03 9.9894339371E+00 3.5947530377E+00 
2017-02-22 19:04:08.153 52.46120547 1259.068931 53.46120547 0 963 1.0003597961E+02 4.4999730469E+01 6.5000000000E+01 0.0000000000E+00 5.2036487922E+04 0.0000000000E+00 2.8125264684E+00 1.7598269926E-03 9.9894339371E+00 3.8003353987E+00 
2017-02-22 19:04:11.206 52.46124081 1259.069779 53.46124081 0 963 1.0003726495E+02 4.4999778748E+01 6.6000000000E+01 0.0000000000E+00 5.2050314365E+04 0.0000000000E+00 2.8125264684E+00 1.7311794887E-03 1.0058089830E+01 3.8003353987E+00 
2017-02-22 19:04:14.253 52.46127609 1259.070626 53.46127609 0 963 1.0003570028E+02 4.4999841187E+01 6.5000000000E+01 0.0000000000E+00 5.2064004168E+04 0.0000000000E+00 3.4606940112E+00 1.7311794887E-03 1.0058089830E+01 3.2376185618E+00 
2017-02-22 19:04:17.305 52.46131141 1259.071474 53.46131141 0 963 1.0003697292E+02 4.4999961853E+01 6.6000000000E+01 0.0000000000E+00 5.2077676961E+04 0.0000000000E+00 3.4606940112E+00 1.8176384145E-03 1.0049754881E+01 3.2376185618E+00 
2017-02-22 19:04:20.354 52.46134669 1259.072321 53.46134669 0 963 1.0003525101E+02 4.4999850525E+01 6.5000000000E+01 0.0000000000E+00 5.2091015426E+04 0.0000000000E+00 3.8661647008E+00 1.8176384145E-03 1.0049754881E+01 3.4565549264E+00 
2017-02-22 19:04:23.407 52.46138203 1259.073169 53.46138203 0 963 1.0003321882E+02 4.4999778748E+01 6.6000000000E+01 0.0000000000E+00 5.2103639270E+04 0.0000000000E+00 3.8661647008E+00 1.6633423882E-03 1.0044611700E+01 3.4565549264E+00 
2017-02-22 19:04:26.454 52.46141730 1259.074015 53.46141730 0 963 1.0003474268E+02 4.4999778748E+01 6.5000000000E+01 0.0000000000E+00 5.2116901922E+04 0.0000000000E+00 3.2780147673E+00 1.6633423882E-03 1.0044611700E+01 3.4230048298E+00 
2017-02-22 19:04:29.506 52.46145263 1259.074863 53.46145263 0 963 1.0003334746E+02 4.4999754333E+01 6.6000000000E+01 0.0000000000E+00 5.2130232828E+04 0.0000000000E+00 3.2780147673E+00 1.6508024952E-03 9.9393864560E+00 3.4230048298E+00 
2017-02-22 19:04:32.555 52.46148792 1259.075710 53.46148792 0 963 1.0003354725E+02 4.4999579529E+01 6.5000000000E+01 0.0000000000E+00 5.2143245988E+04 0.0000000000E+00 3.8056177774E+00 1.6508024952E-03 9.9393864560E+00 3.6485971872E+00 
2017-02-22 19:04:35.608 52.46152324 1259.076558 53.46152324 0 963 1.0003499694E+02 4.4999809265E+01 6.6000000000E+01 0.0000000000E+00 5.2156027439E+04 0.0000000000E+00 3.8056177774E+00 1.6075074917E-03 9.9100993950E+00 3.6485971872E+00 
2017-02-22 19:04:38.657 52.46155853 1259.077405 53.46155853 0 963 1.0003345799E+02 4.4999763336E+01 6.5000000000E+01 0.0000000000E+00 5.2169050801E+04 0.0000000000E+00 3.3301465616E+00 1.6075074917E-03 9.9100993950E+00 3.4090999789E+00 
2017-02-22 19:04:41.709 52.46159385 1259.078253 53.46159385 0 963 1.0003261990E+02 4.4999595642E+01 6.6000000000E+01 0.0000000000E+00 5.2181341374E+04 0.0000000000E+00 3.3301465616E+00 1.4014130084E-03 9.9590765756E+00 3.4090999789E+00 
2017-02-22 19:04:44.756 52.46162913 1259.079099 53.46162913 0 963 1.0003335023E+02 4.4999580902E+01 6.5000000000E+01 0.0000000000E+00 5.2194120805E+04 0.0000000000E+00 3.3464359701E+00 1.4014130084E-03 9.9590765756E+00 3.3537444302E+00 
2017-02-22 19:04:47.809 52.46166447 1259.079947 53.46166447 0 963 1.0003044340E+02 4.4999565125E+01 6.6000000000E+01 0.0000000000E+00 5.2206297178E+04 0.0000000000E+00 3.3464359701E+00 1.5915154467E-03 9.9585536650E+00 3.3537444302E+00 
2017-02-22 19:04:50.858 52.46169975 1259.080794 53.46169975 0 963 1.0003113635E+02 4.4999656555E+01 6.5000000000E+01 0.0000000000E+00 5.2218576102E+04 0.0000000000E+00 3.4546240111E+00 1.5915154467E-03 9.9585536650E+00 3.6353737580E+00 
2017-02-22 19:04:53.910 52.46173507 1259.081642 53.46173507 0 963 1.0003199569E+02 4.4999687195E+01 6.6000000000E+01 0.0000000000E+00 5.2230425000E+04 0.0000000000E+00 3.4546240111E+00 1.4367567968E-03 9.9230586063E+00 3.6353737580E+00 
2017-02-22 19:04:56.957 52.46177035 1259.082488 53.46177035 0 963 1.0003151006E+02 4.4999777832E+01 6.5000000000E+01 0.0000000000E+00 5.2242785062E+04 0.0000000000E+00 3.6802572976E+00 1.4367567968E-03 9.9230586063E+00 3.9285572951E+00 
2017-02-22 19:05:00.010 52.46180568 1259.083336 53.46180568 0 963 1.0003121173E+02 4.4999796560E+01 6.6000000000E+01 0.0000000000E+00 5.2254780086E+04 0.0000000000E+00 3.6802572976E+00 1.5317481557E-03 1.0117701746E+01 3.9285572951E+00 
2017-02-22 19:05:03.059 52.46184096 1259.084183 53.46184096 0 963 1.0003195221E+02 4.4999895691E+01 6.5000000000E+01 0.0000000000E+00 5.2267147730E+04 0.0000000000E+00 3.8862575860E+00 1.5317481557E-03 1.0117701746E+01 3.6015072883E+00 
2017-02-22 19:05:06.111 52.46187630 1259.085031 53.46187630 0 963 1.0003015417E+02 4.5000297546E+01 6.6000000000E+01 0.0000000000E+00 5.2278368766E+04 0.0000000000E+00 3.8862575860E+00 1.6492205799E-03 1.0028351761E+01 3.6015072883E+00 
2017-02-22 19:05:09.160 52.46191157 1259.085878 53.46191157 0 963 1.0003063586E+02 4.5000307861E+01 6.5000000000E+01 0.0000000000E+00 5.2290742203E+04 0.0000000000E+00 4.3006563002E+00 1.6492205799E-03 1.0028351761E+01 3.7004854007E+00 
2017-02-22 19:05:12.211 52.46194690 1259.086726 53.46194690 0 963 1.0003088102E+02 4.5000328064E+01 6.6000000000E+01 0.0000000000E+00 5.2303043846E+04 0.0000000000E+00 4.3006563002E+00 1.4444144242E-03 1.0002005102E+01 3.7004854007E+00 
2017-02-22 19:05:15.259 52.46198218 1259.087572 53.46198218 0 963 1.0002950795E+02 4.5000179382E+01 6.5000000000E+01 0.0000000000E+00 5.2313582766E+04 0.0000000000E+00 2.4573013381E+00 1.4444144242E-03 1.0002005102E+01 3.6773738148E+00 
2017-02-22 19:05:18.312 52.46201751 1259.088420 53.46201751 0 963 1.0003000395E+02 4.5000083923E+01 6.6000000000E+01 0.0000000000E+00 5.2324483721E+04 0.0000000000E+00 2.4573013381E+00 1.5626123436E-03 1.0137920272E+01 3.6773738148E+00 
2017-02-22 19:05:21.361 52.46205279 1259.089267 53.46205279 0 963 1.0002968891E+02 4.5000623688E+01 6.5000000000E+01 0.0000000000E+00 5.2335826816E+04 0.0000000000E+00 3.3371183993E+00 1.5626123436E-03 1.0137920272E+01 3.4824741099E+00 
2017-02-22 19:05:24.414 52.46208813 1259.090115 53.46208813 0 963 1.0003103675E+02 4.5000807626E+01 6.6000000000E+01 0.0000000000E+00 5.2347311272E+04 0.0000000000E+00 3.3371183993E+00 1.4998570877E-03 1.0148630771E+01 3.4824741099E+00 
2017-02-22 19:05:27.461 52.46212340 1259.090962 53.46212340 0 963 1.0002979059E+02 4.5000925232E+01 6.5000000000E+01 0.0000000000E+00 5.2359079293E+04 0.0000000000E+00 3.0889983061E+00 1.4998570877E-03 1.0148630771E+01 3.4905886162E+00 
2017-02-22 19:05:30.513 52.46215873 1259.091809 53.46215873 0 963 1.0002977161E+02 4.5000694275E+01 6.6000000000E+01 0.0000000000E+00 5.2371306330E+04 0.0000000000E+00 3.0889983061E+00 1.4724016592E-03 1.0002785907E+01 3.4905886162E+00 
2017-02-22 19:05:33.563 52.46219403 1259.092657 53.46219403 0 963 1.0002908102E+02 4.5000719177E+01 6.5000000000E+01 0.0000000000E+00 5.2381767324E+04 0.0000000000E+00 3.1195628272E+00 1.4724016592E-03 1.0002785907E+01 3.7223006016E+00 
2017-02-22 19:05:36.619 52.46222940 1259.093506 53.46222940 0 963 1.0002976657E+02 4.5000816345E+01 6.6000000000E+01 0.0000000000E+00 5.2393500319E+04 0.0000000000E+00 3.1195628272E+00 1.3991738342E-03 9.9803808995E+00 3.7223006016E+00 
2017-02-22 19:05:39.670 52.46226470 1259.094353 53.46226470 0 963 1.0003036109E+02 4.5000859192E+01 6.5000000000E+01 0.0000000000E+00 5.2403974824E+04 0.0000000000E+00 2.9310472426E+00 1.3991738342E-03 9.9803808995E+00 3.0804293268E+00 
2017-02-22 19:05:42.724 52.46230006 1259.095201 53.46230006 0 963 1.0003016454E+02 4.5000907898E+01 6.6000000000E+01 0.0000000000E+00 5.2415685555E+04 0.0000000000E+00 2.9310472426E+00 1.4157259181E-03 9.9962239298E+00 3.0804293268E+00 
2017-02-22 19:05:45.773 52.46233535 1259.096048 53.46233535 0 963 1.0002759478E+02 4.5000776794E+01 6.5000000000E+01 0.0000000000E+00 5.2426229754E+04 0.0000000000E+00 3.1291049797E+00 1.4157259181E-03 9.9962239298E+00 3.3227312252E+00 
2017-02-22 19:05:48.825 52.46237067 1259.096896 53.46237067 0 963 1.0002610156E+02 4.5000724792E+01 6.6000000000E+01 0.0000000000E+00 5.2436252136E+04 0.0000000000E+00 3.1291049797E+00 1.5026445443E-03 9.9665468988E+00 3.3227312252E+00 
2017-02-22 19:05:51.874 52.46240595 1259.097743 53.46240595 0 963 1.0002574489E+02 4.5000724792E+01 6.5000000000E+01 0.0000000000E+00 5.2446283438E+04 0.0000000000E+00 2.9957207362E+00 1.5026445443E-03 9.9665468988E+00 3.9448498003E+00 
2017-02-22 19:05:54.927 52.46244128 1259.098591 53.46244128 0 963 1.0002599814E+02 4.5000785828E+01 6.6000000000E+01 0.0000000000E+00 5.2456899219E+04 0.0000000000E+00 2.9957207362E+00 1.4566540047E-03 1.0052522454E+01 3.9448498003E+00 
2017-02-22 19:05:57.974 52.46247656 1259.099437 53.46247656 0 963 1.0002613641E+02 4.5000815125E+01 6.5000000000E+01 0.0000000000E+00 5.2466209168E+04 0.0000000000E+00 2.3439356311E+00 1.4566540047E-03 1.0052522454E+01 3.3781711466E+00 
2017-02-22 19:06:01.026 52.46251189 1259.100285 53.46251189 0 963 1.0002697906E+02 4.5000968933E+01 6.6000000000E+01 0.0000000000E+00 5.2476296795E+04 0.0000000000E+00 2.3439356311E+00 1.3988541856E-03 1.0033894390E+01 3.3781711466E+00 
2017-02-22 19:06:04.075 52.46254718 1259.101132 53.46254718 0 963 1.0002594951E+02 4.5000978973E+01 6.5000000000E+01 0.0000000000E+00 5.2486059539E+04 0.0000000000E+00 2.7357128947E+00 1.3988541856E-03 1.0033894390E+01 3.2655071628E+00 
2017-02-22 19:06:07.128 52.46258250 1259.101980 53.46258250 0 963 1.0002717357E+02 4.5000999451E+01 6.6000000000E+01 0.0000000000E+00 5.2496362580E+04 0.0000000000E+00 2.7357128947E+00 1.3952966270E-03 9.9318273648E+00 3.2655071628E+00 
2017-02-22 19:06:10.176 52.46261778 1259.102827 53.46261778 0 963 1.0002540816E+02 4.5001108398E+01 6.5000000000E+01 0.0000000000E+00 5.2506448293E+04 0.0000000000E+00 3.4294886389E+00 1.3952966270E-03 9.9318273648E+00 3.3497299027E+00 
2017-02-22 19:06:13.227 52.46265310 1259.103674 53.46265310 0 963 1.0002491605E+02 4.5001182556E+01 6.6000000000E+01 0.0000000000E+00 5.2515849522E+04 0.0000000000E+00 3.4294886389E+00 1.3634750395E-03 1.0065444328E+01 3.3497299027E+00 
2017-02-22 19:06:16.276 52.46268838 1259.104521 53.46268838 0 963 1.0002636507E+02 4.5001241425E+01 6.5000000000E+01 0.0000000000E+00 5.2525292062E+04 0.0000000000E+00 3.0312300268E+00 1.3634750395E-03 1.0065444328E+01 3.5580609374E+00 
2017-02-22 19:06:19.328 52.46272372 1259.105369 53.46272372 0 963 1.0002548134E+02 4.5001284074E+01 6.6000000000E+01 0.0000000000E+00 5.2534516135E+04 0.0000000000E+00 3.0312300268E+00 1.5113067959E-03 1.0123714483E+01 3.5580609374E+00 
2017-02-22 19:06:22.377 52.46275899 1259.106216 53.46275899 0 963 1.0002648681E+02 4.5001425537E+01 6.5000000000E+01 0.0000000000E+00 5.2545440848E+04 0.0000000000E+00 3.8765177351E+00 1.5113067959E-03 1.0123714483E+01 3.5660903552E+00 
2017-02-22 19:06:25.430 52.46279433 1259.107064 53.46279433 0 963 1.0002610016E+02 4.5001396179E+01 6.6000000000E+01 0.0000000000E+00 5.2555738281E+04 0.0000000000E+00 3.8765177351E+00 1.4644350702E-03 1.0084516873E+01 3.5660903552E+00 
2017-02-22 19:06:28.477 52.46282961 1259.107911 53.46282961 0 963 1.0002409735E+02 4.5001384460E+01 6.5000000000E+01 0.0000000000E+00 5.2564181664E+04 0.0000000000E+00 3.9727765620E+00 1.4644350702E-03 1.0084516873E+01 3.3214568564E+00 
2017-02-22 19:06:31.529 52.46286493 1259.108758 53.46286493 0 963 1.0002594153E+02 4.5001335144E+01 6.6000000000E+01 0.0000000000E+00 5.2573962261E+04 0.0000000000E+00 3.9727765620E+00 1.4208542932E-03 9.9917998299E+00 3.3214568564E+00 
2017-02-22 19:06:34.578 52.46290021 1259.109605 53.46290021 0 963 1.0002465738E+02 4.5001223755E+01 6.5000000000E+01 0.0000000000E+00 5.2583203480E+04 0.0000000000E+00 3.2978844682E+00 1.4208542932E-03 9.9917998299E+00 3.4895431567E+00 
2017-02-22 19:06:37.631 52.46293554 1259.110453 53.46293554 0 963 1.0002507019E+02 4.5001029968E+01 6.6000000000E+01 0.0000000000E+00 5.2592789062E+04 0.0000000000E+00 3.2978844682E+00 1.3322989594E-03 1.0072783274E+01 3.4895431567E+00 
2017-02-22 19:06:40.678 52.46297082 1259.111300 53.46297082 0 963 1.0002455665E+02 4.5000836182E+01 6.5000000000E+01 0.0000000000E+00 5.2602268348E+04 0.0000000000E+00 3.2151301826E+00 1.3322989594E-03 1.0072783274E+01 3.4216173104E+00 
2017-02-22 19:06:43.732 52.46300616 1259.112148 53.46300616 0 963 1.0002376136E+02 4.5000724792E+01 6.6000000000E+01 0.0000000000E+00 5.2611563935E+04 0.0000000000E+00 3.2151301826E+00 1.4068473304E-03 1.0023219825E+01 3.4216173104E+00 
2017-02-22 19:06:46.779 52.46304144 1259.112994 53.46304144 0 963 1.0002411500E+02 4.5000890686E+01 6.5000000000E+01 0.0000000000E+00 5.2620668449E+04 0.0000000000E+00 3.3113123326E+00 1.4068473304E-03 1.0023219825E+01 3.8082012208E+00 
2017-02-22 19:06:49.832 52.46307676 1259.113842 53.46307676 0 963 1.0002405311E+02 4.5001016266E+01 6.6000000000E+01 0.0000000000E+00 5.2630058705E+04 0.0000000000E+00 3.3113123326E+00 1.4000140119E-03 1.0173501300E+01 3.8082012208E+00 
2017-02-22 19:06:52.880 52.46311204 1259.114689 53.46311204 0 963 1.0002394574E+02 4.5001027161E+01 6.5000000000E+01 0.0000000000E+00 5.2638676391E+04 0.0000000000E+00 3.6456669814E+00 1.4000140119E-03 1.0173501300E+01 3.3268820865E+00 
2017-02-22 19:06:55.933 52.46314737 1259.115537 53.46314737 0 963 1.0002174711E+02 4.5000663757E+01 6.6000000000E+01 0.0000000000E+00 5.2647397258E+04 0.0000000000E+00 3.6456669814E+00 1.1550115006E-03 1.0204358125E+01 3.3268820865E+00 
2017-02-22 19:06:58.980 52.46318265 1259.116384 53.46318265 0 963 1.0002227815E+02 4.5000759888E+01 6.5000000000E+01 0.0000000000E+00 5.2655962688E+04 0.0000000000E+00 4.2192333277E+00 1.1550115006E-03 1.0204358125E+01 3.4266006899E+00 
2017-02-22 19:07:02.036 52.46321801 1259.117232 53.46321801 0 963 1.0002245533E+02 4.5000938416E+01 6.6000000000E+01 0.0000000000E+00 5.2665154847E+04 0.0000000000E+00 4.2192333277E+00 1.2710774379E-03 9.9476623505E+00 3.4266006899E+00 
2017-02-22 19:07:05.086 52.46325332 1259.118080 53.46325332 0 963 1.0002325985E+02 4.5001283630E+01 6.5000000000E+01 0.0000000000E+00 5.2673676547E+04 0.0000000000E+00 3.8788301742E+00 1.2710774379E-03 9.9476623505E+00 3.5129109597E+00 
2017-02-22 19:07:08.138 52.46328865 1259.118927 53.46328865 0 963 1.0002140687E+02 4.5001426697E+01 6.6000000000E+01 0.0000000000E+00 5.2681954831E+04 0.0000000000E+00 3.8788301742E+00 1.2145429067E-03 1.0038755508E+01 3.5129109597E+00 
2017-02-22 19:07:11.187 52.46332394 1259.119774 53.46332394 0 963 1.0002267222E+02 4.5001680145E+01 6.5000000000E+01 0.0000000000E+00 5.2690535586E+04 0.0000000000E+00 3.1878411393E+00 1.2145429067E-03 1.0038755508E+01 3.5881149333E+00 
2017-02-22 19:07:14.244 52.46335932 1259.120624 53.46335932 0 963 1.0001873287E+02 4.5001793531E+01 6.6000000000E+01 0.0000000000E+00 5.2698562181E+04 0.0000000000E+00 3.1878411393E+00 1.2797607631E-03 1.0070418826E+01 3.5881149333E+00 
2017-02-22 19:07:17.292 52.46339459 1259.121470 53.46339459 0 963 1.0002075778E+02 4.5002067566E+01 6.5000000000E+01 0.0000000000E+00 5.2706728086E+04 0.0000000000E+00 4.1949329208E+00 1.2797607631E-03 1.0070418826E+01 3.5742694516E+00 
2017-02-22 19:07:20.345 52.46342992 1259.122318 53.46342992 0 963 1.0002070312E+02 4.5001869264E+01 6.6000000000E+01 0.0000000000E+00 5.2714706505E+04 0.0000000000E+00 4.1949329208E+00 1.0661659271E-03 9.9734253734E+00 3.5742694516E+00 
2017-02-22 19:07:23.397 52.46346524 1259.123166 53.46346524 0 963 1.0002082425E+02 4.5001792297E+01 6.5000000000E+01 0.0000000000E+00 5.2722839016E+04 0.0000000000E+00 3.9733477771E+00 1.0661659271E-03 9.9734253734E+00 3.4791072909E+00 
2017-02-22 19:07:26.450 52.46350059 1259.124014 53.46350059 0 963 1.0002101730E+02 4.5001670837E+01 6.6000000000E+01 0.0000000000E+00 5.2730674267E+04 0.0000000000E+00 3.9733477771E+00 1.2186277737E-03 1.0073855524E+01 3.4791072909E+00 
2017-02-22 19:07:29.499 52.46353587 1259.124861 53.46353587 0 963 1.0002225034E+02 4.5001827942E+01 6.5000000000E+01 0.0000000000E+00 5.2739073598E+04 0.0000000000E+00 3.3655714432E+00 1.2186277737E-03 1.0073855524E+01 3.5881677823E+00 
2017-02-22 19:07:32.552 52.46357120 1259.125709 53.46357120 0 963 1.0002080654E+02 4.5002006531E+01 6.6000000000E+01 0.0000000000E+00 5.2747439621E+04 0.0000000000E+00 3.3655714432E+00 9.7660583755E-04 1.0033332523E+01 3.5881677823E+00 
2017-02-22 19:07:35.599 52.46360648 1259.126556 53.46360648 0 963 1.0002186294E+02 4.5001829376E+01 6.5000000000E+01 0.0000000000E+00 5.2755439332E+04 0.0000000000E+00 2.6221131286E+00 9.7660583755E-04 1.0033332523E+01 3.6764109011E+00 
2017-02-22 19:07:38.651 52.46364181 1259.127403 53.46364181 0 963 1.0002184996E+02 4.5001731873E+01 6.6000000000E+01 0.0000000000E+00 5.2764231075E+04 0.0000000000E+00 2.6221131286E+00 1.1008974123E-03 1.0107266900E+01 3.6764109011E+00 
2017-02-22 19:07:41.700 52.46367709 1259.128250 53.46367709 0 963 1.0002167370E+02 4.5001565796E+01 6.5000000000E+01 0.0000000000E+00 5.2770900891E+04 0.0000000000E+00 4.3464144453E+00 1.1008974123E-03 1.0107266900E+01 3.3215922027E+00 
2017-02-22 19:07:44.753 52.46371242 1259.129098 53.46371242 0 963 1.0002063418E+02 4.5001548767E+01 6.6000000000E+01 0.0000000000E+00 5.2778258976E+04 0.0000000000E+00 4.3464144453E+00 1.0665176300E-03 1.0037097567E+01 3.3215922027E+00 
2017-02-22 19:07:47.801 52.46374770 1259.129945 53.46374770 0 963 1.0002025138E+02 4.5001817383E+01 6.5000000000E+01 0.0000000000E+00 5.2786243516E+04 0.0000000000E+00 3.1823021727E+00 1.0665176300E-03 1.0037097567E+01 3.4325280058E+00 
2017-02-22 19:07:50.852 52.46378302 1259.130792 53.46378302 0 963 1.0001890580E+02 4.5001579285E+01 6.6000000000E+01 0.0000000000E+00 5.2793603396E+04 0.0000000000E+00 3.1823021727E+00 1.0023568511E-03 1.0023147984E+01 3.4325280058E+00 
2017-02-22 19:07:53.901 52.46381830 1259.131639 53.46381830 0 963 1.0002025777E+02 4.5001579285E+01 6.5000000000E+01 0.0000000000E+00 5.2801277707E+04 0.0000000000E+00 2.8827888314E+00 1.0023568511E-03 1.0023147984E+01 3.4767328181E+00 
2017-02-22 19:07:56.953 52.46385363 1259.132487 53.46385363 0 963 1.0002033234E+02 4.5001579285E+01 6.6000000000E+01 0.0000000000E+00 5.2809730469E+04 0.0000000000E+00 2.8827888314E+00 1.0820013802E-03 1.0025044150E+01 3.4767328181E+00 
2017-02-22 19:08:00.002 52.46388891 1259.133334 53.46388891 0 963 1.0001935078E+02 4.5001487183E+01 6.5000000000E+01 0.0000000000E+00 5.2816106813E+04 0.0000000000E+00 4.3831865349E+00 1.0820013802E-03 1.0025044150E+01 3.9553196639E+00 
2017-02-22 19:08:03.055 52.46392425 1259.134182 53.46392425 0 963 1.0002096853E+02 4.5001396179E+01 6.6000000000E+01 0.0000000000E+00 5.2824309790E+04 0.0000000000E+00 4.3831865349E+00 1.1201723448E-03 1.0067480258E+01 3.9553196639E+00 
2017-02-22 19:08:06.107 52.46395957 1259.135030 53.46395957 0 963 1.0001974127E+02 4.5001480042E+01 6.5000000000E+01 0.0000000000E+00 5.2830753992E+04 0.0000000000E+00 3.3689979184E+00 1.1201723448E-03 1.0067480258E+01 3.4506962695E+00 
2017-02-22 19:08:09.160 52.46399491 1259.135878 53.46399491 0 963 1.0001833714E+02 4.5001522858E+01 6.6000000000E+01 0.0000000000E+00 5.2837793112E+04 0.0000000000E+00 3.3689979184E+00 1.0120555989E-03 9.9240932356E+00 3.4506962695E+00 
2017-02-22 19:08:12.210 52.46403022 1259.136725 53.46403022 0 963 1.0001983500E+02 4.5001548767E+01 6.5000000000E+01 0.0000000000E+00 5.2845832062E+04 0.0000000000E+00 2.0963065597E+00 1.0120555989E-03 9.9240932356E+00 3.4577812749E+00 
2017-02-22 19:08:15.265 52.46406557 1259.137574 53.46406557 0 963 1.0001874212E+02 4.5001182556E+01 6.6000000000E+01 0.0000000000E+00 5.2853549314E+04 0.0000000000E+00 2.0963065597E+00 9.4947370521E-04 9.9975206420E+00 3.4577812749E+00 
2017-02-22 19:08:18.313 52.46410086 1259.138421 53.46410086 0 963 1.0001960449E+02 4.5001214447E+01 6.5000000000E+01 0.0000000000E+00 5.2860665258E+04 0.0000000000E+00 3.2143311002E+00 9.4947370521E-04 9.9975206420E+00 3.4736172188E+00 
2017-02-22 19:08:21.365 52.46413618 1259.139268 53.46413618 0 963 1.0001855322E+02 4.5001335144E+01 6.6000000000E+01 0.0000000000E+00 5.2868007621E+04 0.0000000000E+00 3.2143311002E+00 1.0270607684E-03 1.0052274665E+01 3.4736172188E+00 
2017-02-22 19:08:24.414 52.46417146 1259.140115 53.46417146 0 963 1.0001772528E+02 4.5001278534E+01 6.5000000000E+01 0.0000000000E+00 5.2873884512E+04 0.0000000000E+00 2.3117297402E+00 1.0270607684E-03 1.0052274665E+01 3.4042350826E+00 
2017-02-22 19:08:27.467 52.46420679 1259.140963 53.46420679 0 963 1.0001825082E+02 4.5001182556E+01 6.6000000000E+01 0.0000000000E+00 5.2880822656E+04 0.0000000000E+00 2.3117297402E+00 9.4400746544E-04 9.9431583168E+00 3.4042350826E+00 
2017-02-22 19:08:30.515 52.46424207 1259.141810 53.46424207 0 963 1.0001810390E+02 4.5001240875E+01 6.5000000000E+01 0.0000000000E+00 5.2887567879E+04 0.0000000000E+00 3.4078630871E+00 9.4400746544E-04 9.9431583168E+00 3.1523393409E+00 
2017-02-22 19:08:33.566 52.46427740 1259.142657 53.46427740 0 963 1.0001950724E+02 4.5001274109E+01 6.6000000000E+01 0.0000000000E+00 5.2895168256E+04 0.0000000000E+00 3.4078630871E+00 8.7914905934E-04 9.9672288121E+00 3.1523393409E+00 
2017-02-22 19:08:36.615 52.46431267 1259.143504 53.46431267 0 963 1.0001724415E+02 4.5001274109E+01 6.5000000000E+01 0.0000000000E+00 5.2901309621E+04 0.0000000000E+00 3.8172058223E+00 8.7914905934E-04 9.9672288121E+00 3.7079116402E+00 
2017-02-22 19:08:39.667 52.46434801 1259.144352 53.46434801 0 963 1.0001770234E+02 4.5001238235E+01 6.6000000000E+01 0.0000000000E+00 5.2907556234E+04 0.0000000000E+00 3.8172058223E+00 8.9745627885E-04 1.0051592352E+01 3.7079116402E+00 
2017-02-22 19:08:42.716 52.46438329 1259.145199 53.46438329 0 963 1.0001663592E+02 4.5001149139E+01 6.5000000000E+01 0.0000000000E+00 5.2913276406E+04 0.0000000000E+00 3.5219378408E+00 8.9745627885E-04 1.0051592352E+01 3.1147310555E+00 
2017-02-22 19:08:45.769 52.46441862 1259.146047 53.46441862 0 963 1.0001781585E+02 4.5001121521E+01 6.6000000000E+01 0.0000000000E+00 5.2919824298E+04 0.0000000000E+00 3.5219378408E+00 9.6965123339E-04 9.8917251020E+00 3.1147310555E+00 
2017-02-22 19:08:48.816 52.46445390 1259.146894 53.46445390 0 963 1.0001727882E+02 4.5001222290E+01 6.5000000000E+01 0.0000000000E+00 5.2926257441E+04 0.0000000000E+00 3.0773708533E+00 9.6965123339E-04 9.8917251020E+00 3.5130384996E+00 
2017-02-22 19:08:51.868 52.46448922 1259.147741 53.46448922 0 963 1.0001943045E+02 4.5001518250E+01 6.6000000000E+01 0.0000000000E+00 5.2932884471E+04 0.0000000000E+00 3.0773708533E+00 8.3840500952E-04 9.9184201757E+00 3.5130384996E+00 
2017-02-22 19:08:54.917 52.46452450 1259.148588 53.46452450 0 963 1.0001698322E+02 4.5001579895E+01 6.5000000000E+01 0.0000000000E+00 5.2939624969E+04 0.0000000000E+00 3.4649805226E+00 8.3840500952E-04 9.9184201757E+00 3.3177542754E+00 
2017-02-22 19:08:57.970 52.46455984 1259.149436 53.46455984 0 963 1.0001606589E+02 4.5001640320E+01 6.6000000000E+01 0.0000000000E+00 5.2946028013E+04 0.0000000000E+00 3.4649805226E+00 8.7469448710E-04 9.9280877046E+00 3.3177542754E+00 
2017-02-22 19:09:01.017 52.46459512 1259.150283 53.46459512 0 963 1.0001780424E+02 4.5001640320E+01 6.5000000000E+01 0.0000000000E+00 5.2952526094E+04 0.0000000000E+00 3.6351328289E+00 8.7469448710E-04 9.9280877046E+00 3.5678594278E+00 
2017-02-22 19:09:04.069 52.46463044 1259.151131 53.46463044 0 963 1.0001525256E+02 4.5001640320E+01 6.6000000000E+01 0.0000000000E+00 5.2958525893E+04 0.0000000000E+00 3.6351328289E+00 9.7069175071E-04 9.9136285617E+00 3.5678594278E+00 
2017-02-22 19:09:07.118 52.46466573 1259.151977 53.46466573 0 963 1.0001597173E+02 4.5001527161E+01 6.5000000000E+01 0.0000000000E+00 5.2965087043E+04 0.0000000000E+00 3.3050402902E+00 9.7069175071E-04 9.9136285617E+00 3.5619840854E+00 
2017-02-22 19:09:10.171 52.46470105 1259.152825 53.46470105 0 963 1.0001655158E+02 4.5001542165E+01 6.6000000000E+01 0.0000000000E+00 5.2971842985E+04 0.0000000000E+00 3.3050402902E+00 9.7232055233E-04 1.0151647643E+01 3.5619840854E+00 
2017-02-22 19:09:13.219 52.46473633 1259.153672 53.46473633 0 963 1.0001467692E+02 4.5001409912E+01 6.5000000000E+01 0.0000000000E+00 5.2977026543E+04 0.0000000000E+00 4.0801454443E+00 9.7232055233E-04 1.0151647643E+01 3.8882490142E+00 
2017-02-22 19:09:16.272 52.46477167 1259.154520 53.46477167 0 963 1.0001462757E+02 4.5001121521E+01 6.6000000000E+01 0.0000000000E+00 5.2982730070E+04 0.0000000000E+00 4.0801454443E+00 8.7821167448E-04 9.9927641790E+00 3.8882490142E+00 
2017-02-22 19:09:19.319 52.46480694 1259.155367 53.46480694 0 963 1.0001406707E+02 4.5001223145E+01 6.5000000000E+01 0.0000000000E+00 5.2988066375E+04 0.0000000000E+00 3.4327260419E+00 8.7821167448E-04 9.9927641790E+00 3.5871058698E+00 
2017-02-22 19:09:22.371 52.46484227 1259.156214 53.46484227 0 963 1.0001566816E+02 4.5001396179E+01 6.6000000000E+01 0.0000000000E+00 5.2994423756E+04 0.0000000000E+00 3.4327260419E+00 1.0699559285E-03 1.0042228315E+01 3.5871058698E+00 
2017-02-22 19:09:25.421 52.46487756 1259.157061 53.46487756 0 963 1.0001646556E+02 4.5001357117E+01 6.5000000000E+01 0.0000000000E+00 5.3000244277E+04 0.0000000000E+00 2.7502228934E+00 1.0699559285E-03 1.0042228315E+01 3.2353289604E+00 
2017-02-22 19:09:28.473 52.46491288 1259.157909 53.46491288 0 963 1.0001437926E+02 4.5001335144E+01 6.6000000000E+01 0.0000000000E+00 5.3006289413E+04 0.0000000000E+00 2.7502228934E+00 8.8368531670E-04 1.0041333039E+01 3.2353289604E+00 
